0.800751	0.199969722698	0.00222922572102	0.162547718281	0.278784865572
0.803544	0.207431073971	0.00292777078217	0.125644454934	0.266134345609
0.806357	0.259076611241	0.00166155350289	0.172222434628	0.304261030777
0.809189	0.302335178941	0.00216793534265	0.199197526007	0.357842740755
 0.81204	0.342450580512	0.00177931814077	0.241829399181	0.404532416245
0.814911	0.360024249346	0.00125254800429	0.283542242145	0.408567428961
0.817802	0.383187281236	0.00273325359778	0.281995540146	0.505444023891
0.820712	0.379693588447	0.00115419247355	0.279188581868	0.424101124557
0.823642	0.380928257288	0.00100430869547	0.293856894536	0.414427628799
0.826592	 0.38440359532	0.00122310360967	0.292318255179	0.437235251656
0.829561	0.379179509396	0.00157129656584	0.278847664442	0.448663668404
 0.83255	0.371141297009	0.00118870971068	0.265080380715	0.413444033913
0.835559	 0.36476381815	0.00167142754779	0.265111006194	 0.43938540789
0.838588	0.361929389962	0.000912419565729	0.284127832464	0.399172556796
0.841636	0.327723985888	0.000869351858717	0.257271101375	0.363295047226
0.844704	0.296095022048	0.000890578588133	0.237130049491	0.354867716101
0.847791	 0.27625739369	0.000785290746266	0.220914810524	0.319799774298
0.850899	0.266476955655	 0.0007868103604	0.203663039326	 0.31700532084
0.854025	0.279588022463	0.000567418867339	0.214939276482	0.312192540366
0.857172	0.289816135065	0.000638444203022	0.231170680875	0.317656499959
0.860337	0.293346111503	0.000530904064164	0.247824468921	0.319154265596
0.863522	0.295650215929	0.00104874121557	0.202621161318	0.325376260227
0.866727	0.294856051615	0.000496825697559	0.237919986216	 0.31324198132
0.869951	0.303985136188	0.000378746942571	 0.26671117025	0.327405021929
0.873194	 0.32671115218	0.000354103398391	0.283638708089	 0.35727895191
0.876456	0.360325011095	0.000648713982568	0.329887028429	0.416128554125
0.879737	0.395257117386	0.000719060609675	0.346823355118	0.449257880211
0.883037	0.412199704294	0.000716850968705	0.355313413365	0.447805930665
0.886356	0.420540960739	0.000998453290358	0.361482775554	0.470066766181
0.889694	0.426661793477	0.000495138118477	0.372104212548	0.460472750906
 0.89305	0.446806986757	0.000421857376204	0.392930376261	0.477358374874
0.896425	0.479268115598	0.000874080705488	0.425434983669	0.508728851217
0.899818	0.507218476625	0.00093544132179	0.445438096318	 0.55819578565
 0.90323	0.535003194804	0.00115078671126	0.459911595689	0.576211317522
 0.90666	0.578269387507	0.00132022367097	 0.50951931389	0.630801635036
0.910108	0.620439404387	0.000984391641495	0.555008364806	0.655781464413
0.913574	0.667794774778	0.00129138548059	0.592814784375	0.722019388282
0.917057	0.705045269499	0.00165675021816	0.635923972309	0.781076226687
0.920559	0.704919390763	0.00230128609448	0.621861543294	0.783061376615
0.924078	0.693116317403	0.00192093010852	0.597710670763	0.779226841424
0.927614	 0.68143304354	0.00130566262624	0.594907409217	0.751021789789
0.931167	0.675903631852	0.00150161980205	0.599327944209	0.772380908486
0.934738	0.686455448967	0.00189971671169	0.604968550347	0.791665777409
0.938325	0.708723642198	0.000997964482948	0.641489278288	0.758739168729
 0.94193	0.738668215171	0.000975958876241	0.665856722177	0.773645338011
 0.94555	0.783068149767	0.00162289173579	0.707703111934	0.846296650975
0.949188	0.815662582716	0.00150355240337	0.745719237272	0.872824510857
0.952841	0.831690500314	 0.0018628602525	0.760177943753	 0.90669687805
0.956511	0.832861301755	0.00105214934121	0.760464407339	0.873428162499
0.960196	0.831156196154	0.00131346281457	0.754698297068	0.880182742156
0.963898	0.854795719022	0.00164193952722	0.769139890869	0.905841289997
0.967615	0.870104144305	0.00155650394161	0.796111582922	0.947050372042
0.971347	0.892960671795	0.00185160939445	0.834796429718	0.989436133529
0.975095	0.919070220864	0.00186975536471	0.864401551743	 1.00900285812
0.978857	 0.93807061084	0.00130502782826	0.860582245343	 0.98466578328
0.982635	0.934608243459	0.00119096879095	0.868543531147	0.978995246765
0.986427	0.873717942066	0.00122316728389	0.820693512666	0.951941792401
0.990234	 0.80029563091	0.00119712522344	0.736714947119	0.876069225476
0.994055	 0.73899486231	0.00182075282246	0.677188355513	0.837454483882
 0.99789	0.732863882616	0.00135538536391	0.670118015551	0.787913531855
 1.00174	0.762942485514	 0.0015491342445	0.682815440505	0.813767225977
  1.0056	0.802376597309	0.00128600437253	0.734611467997	0.851707595801
 1.00948	0.844077684505	0.00120108961155	0.779509765704	0.891442279474
 1.01337	0.877477600084	0.00101200561382	0.832331736949	0.940267545288
 1.01727	0.890567798422	0.000691107461574	0.840614777185	0.937494375005
 1.02118	0.879673275178	0.000542925225465	0.835748371326	0.917064227119
 1.02511	0.876318489097	0.00066551171258	0.831897656622	0.921509458608
 1.02905	0.891096792698	0.000415886849572	0.853532450311	  0.9210221868
 1.03301	 0.92418543366	0.000386552810959	0.895606314711	0.950064852787
 1.03697	0.966624249683	0.000481129224643	 0.93328168134	 1.00314333943
 1.04095	0.997280895858	0.000319416607655	0.958401486525	 1.02401344028
 1.04494	 1.00690912928	0.00029154908412	0.982625734921	 1.03631726719
 1.04894	 0.99302215085	0.000438304341059	0.950508980479	 1.02606064541
 1.05295	0.963429346869	0.000554268055458	0.919801508239	0.995837904192
 1.05697	0.949993514334	0.000867630289973	0.900200826307	 1.00687104039
   1.061	0.958877113982	0.00057809238311	0.923002564338	 1.00721268022
 1.06505	  0.9917569297	0.000604683049972	0.956795029477	 1.04915135961
  1.0691	 1.03974137268	0.000517369248106	0.993060882426	 1.07553835548
 1.07317	 1.08406830757	0.000494761352773	 1.04808823002	 1.12161787477
 1.07724	 1.12261548895	0.000295559225406	  1.1022761655	 1.15401758927
 1.08133	   1.166384942	0.000356876442617	 1.13507180005	 1.20444144634
 1.08542	 1.21794638731	0.000360286416341	 1.17891575263	 1.25373428815
 1.08952	  1.2493776746	0.000430583253112	 1.19511353881	 1.28822430806
 1.09364	 1.26256623512	0.000217559882411	 1.23505224899	 1.28589096395
 1.09776	 1.26181620926	0.000302475428055	 1.22890574581	  1.2836409009
 1.10189	 1.24823724318	0.000303172128998	 1.21908531772	 1.27351041186
 1.10603	  1.2316667036	0.00017090648601	 1.20071158009	 1.25521466444
 1.11017	 1.21790999003	0.000275034127815	 1.19306444621	 1.25073939207
 1.11433	  1.2276567041	0.000229857042211	   1.187967094	  1.2501971472
 1.11849	 1.23590138271	0.000273729344904	 1.20302565624	 1.26069060392
 1.12266	 1.24788484224	0.000396492573069	 1.20584582685	 1.28633349904
 1.12684	 1.24901178019	0.00030346597286	 1.22973429526	 1.29576931567
 1.13103	   1.210443209	0.000367804749771	 1.18187959622	 1.24317245301
 1.13522	 1.16034010244	0.000734050523069	  1.1183792489	 1.23592838144
 1.13942	  1.1499905369	0.000697082362264	 1.10615471232	 1.22859042639
 1.14363	 1.18811135202	0.000767131038674	  1.1379013264	 1.23050412216
 1.14784	 1.25516563824	0.00064315093857	 1.19332351224	 1.28463973283
 1.15206	 1.30285437123	0.000570314808527	 1.26258504702	 1.33879717085
 1.15628	 1.30852639005	0.000356411721508	 1.27029395681	 1.33018627151
 1.16051	 1.28299414675	0.000627207388455	 1.22542343535	 1.32860826976
 1.16475	  1.2393623861	0.000919226250982	 1.17474340788	 1.31498531446
 1.16899	 1.19928548533	0.00113983931795	 1.14111803571	 1.28810786868
 1.17324	 1.15686402135	0.000804856939245	 1.10101335142	 1.22249774971
 1.17749	 1.15443532873	0.000535786322512	 1.10550935454	 1.20045651857
 1.18175	 1.16279427956	0.000329846918754	 1.12553081517	 1.19418511865
 1.18601	 1.17785765816	0.000264100062196	 1.15265315272	 1.20288634801
 1.19028	  1.1592454532	0.000380122018582	 1.12142133928	 1.18317371647
 1.19455	 1.11708228077	0.000519729010521	  1.0776602988	 1.16449969519
 1.19882	 1.09234103856	0.000520993989105	 1.06707595556	 1.15652659498
  1.2031	 1.09654930012	0.000317560512432	  1.0656087799	  1.1346358283
 1.20738	 1.13569292896	0.000295983847124	 1.10870127121	  1.1674873676
 1.21167	 1.17788923948	0.000353004851493	 1.14221921559	 1.21197286932
 1.21596	 1.21322520109	0.000437253829123	 1.16699189762	 1.24393439914
 1.22025	 1.25107299518	0.000353619582529	 1.21152263391	 1.27809091605
 1.22455	 1.27351258889	0.000703255193804	 1.20137014783	 1.30940444369
 1.22884	 1.27370207924	0.000538154177107	 1.22547024987	  1.3094666127
 1.23314	 1.24232877635	0.00114959817199	 1.18037042604	 1.29960705668
 1.23745	 1.18913091364	0.00137894218167	 1.13454825303	  1.2738430919
 1.24175	 1.15537444546	0.00122431186759	 1.10250327687	 1.23235463541
 1.24606	 1.13278588238	  0.001031184431	 1.08241547108	 1.21571680038
 1.25037	 1.15699612343	0.000586072418146	 1.09419740292	  1.1806814175
 1.25468	  1.1996886703	0.000560890603989	 1.14413441327	 1.23286809557
 1.25899	 1.24837988486	0.000521697047899	 1.20473740363	 1.29173240336
  1.2633	 1.29177913326	0.00061409058084	  1.2448564276	 1.33658485826
 1.26762	 1.31584438337	0.000648075444188	 1.27159511828	 1.36749789573
 1.27193	 1.34138255154	0.000913136201836	 1.27923967716	 1.39219091859
 1.27625	 1.34864522064	0.00123279667404	 1.27138056559	 1.40308278064
 1.28057	 1.33411867066	0.00121638780904	 1.26468881649	 1.38688479603
 1.28488	 1.32381995651	0.00118092882853	 1.25789975678	 1.38434199738
  1.2892	  1.3274287411	   0.00100114651	 1.26205140324	  1.3756996801
 1.29352	 1.32849088342	0.00119413964442	 1.25505451132	  1.3799153181
 1.29784	 1.32848214652	0.00108126676102	 1.27124664908	 1.39047790776
 1.30216	 1.33095827568	0.00135921322573	 1.24540887628	 1.37346685996
 1.30647	 1.32573043941	0.00115625540878	 1.25531696308	 1.37615740581
 1.31079	 1.32897540442	0.00102444777271	  1.2676325277	 1.38238607297
 1.31511	  1.3315103076	0.000808465416957	 1.26863696029	 1.36473123469
 1.31942	  1.3343710328	 0.0012186007312	 1.24578107036	 1.38470374477
 1.32374	 1.31067129418	0.00139869356292	 1.21848890344	 1.35852104428
 1.32805	 1.23716213978	0.00183923726561	 1.14215434364	 1.29642925481
 1.33237	 1.12950582258	0.00324417163452	 1.03813165342	 1.25999203528
 1.33668	 1.02430507815	 0.0038052706261	 0.92730032482	 1.16631596455
 1.34099	0.954247761228	0.00215776723041	 0.87301713899	 1.03908107977
  1.3453	0.918938306915	0.00189647010029	0.837004871433	0.986256315283
  1.3496	0.894944307164	0.00166773909583	0.822620089393	0.962894841313
 1.35391	0.875167040917	0.00173925279719	0.810310902154	0.945845521406
 1.35821	0.857110664696	0.00139588585605	0.802346530371	 0.92177096838
 1.36251	0.854690524738	 0.0014975883034	0.785803497646	0.923885438725
 1.36681	0.853256163451	0.00133663742822	0.779727336116	0.917420703558
  1.3711	0.843657237924	0.00118845704501	0.774270455204	0.891354874364
  1.3754	0.843171650731	 0.0009815257551	 0.77670633883	0.897523369041
 1.37969	0.856062129995	0.00169393324493	0.780518255065	 0.91968251858
 1.38398	0.878825035162	0.00138567526878	 0.79719898648	0.929039608054
 1.38826	0.876860213582	0.00141514800013	 0.80023194627	0.944690237102
 1.39254	0.864097805615	0.00148895957222	0.787436983317	0.942370425867
 1.39682	0.833090770162	0.00153778416559	 0.76582696971	0.914634596962
