0.800155	0.142566281877	0.000680815910005	0.122617007363	0.174721743067
0.802944	0.146888502983	 0.00618540574188	0.0637875728397	0.212407230671
0.805753	0.152201179676	 0.00163353159422	 0.10299376376	0.221624518461
 0.80858	0.179749135794	 0.00232565512186	0.112592971065	 0.25326142182
0.811428	0.203813284336	 0.00360485215612	0.114987776872	0.311148063337
0.814295	0.225963777276	 0.00160479192428	0.171464933773	0.274953141232
0.817181	0.246033671997	 0.00120290845146	0.195588921952	0.302532021241
0.820087	0.266280798363	 0.00371671146174	0.204444858304	0.405579750002
0.823013	0.263115719162	 0.00200275088038	0.212467355706	0.341825967694
0.825958	0.257352307727	0.000776035738121	0.198184330973	0.290082083767
0.828924	0.247300598133	 0.00133867894245	0.197962001693	 0.29378559732
0.831908	0.256305961717	 0.00262010919598	0.190319002138	0.343775968623
0.834913	0.256664570137	0.000882410411465	0.199220540871	0.291439238381
0.837937	0.249930517185	 0.00159555640102	 0.19021639435	  0.3145668086
0.840981	0.243669195096	 0.00063934421701	0.206962127086	 0.28837373927
0.844045	0.227799465664	0.000997620506129	0.198600319547	0.294026343432
0.847128	0.198411536911	0.000763811117099	0.156180711108	0.238547510743
0.850231	0.209370243891	  0.0018167294197	0.158388096159	0.280277377726
0.853354	 0.21401369053	 0.00209785834211	0.178006528718	0.333355330549
0.856496	0.220732554575	 0.00140972972343	0.165110879224	0.285235391995
0.859657	0.223065696539	 0.00120710383813	0.172752125102	0.282474731285
0.862838	0.228706192358	 0.00115301350398	0.170454586153	0.276028229185
0.866039	0.230913464678	 0.00152333585618	 0.16283859881	0.279469820128
0.869258	0.236692516886	0.000819142685333	0.185127670184	0.281242848949
0.872497	0.258309135148	 0.00129568664056	0.202986164783	0.295191943021
0.875755	0.278116433972	 0.00163459208832	0.210430960013	0.333196481306
0.879032	0.305267908913	 0.00151364355232	0.255839941164	0.362948339519
0.882328	0.325360472965	 0.00107780256307	 0.25573612147	0.364557724048
0.885643	0.334907937652	 0.00149727629899	0.270020606612	0.394961961308
0.888977	0.338914579625	 0.00161465157516	0.277023908614	0.391185097643
0.892329	0.350425442648	0.000912896598937	0.316281959625	0.404522524894
  0.8957	0.376789538124	 0.00168483191402	0.317220551237	0.464591725902
 0.89909	0.399777930583	 0.00177111648141	0.329351100739	0.457458208421
0.902498	0.427557911874	 0.00102348759737	0.364956043917	0.467037091474
0.905924	0.459414611245	 0.00107091422779	0.413424506101	0.503219638852
0.909368	 0.49783468808	  0.0016515515764	0.436316104089	0.544209740745
 0.91283	0.540944380546	 0.00198249459204	0.475036389639	0.601703242486
 0.91631	0.567721541398	 0.00237871612082	0.484028032205	0.625411951868
0.919807	0.571831276203	 0.00219262751719	0.483431390983	0.617821622785
0.923322	0.551586301147	 0.00150381683252	0.470536946812	0.585207068376
0.926855	0.536617802162	 0.00322999758099	0.432492321945	0.598826661209
0.930405	0.524767939936	 0.00269500697387	0.416784883105	0.578485019429
0.933971	0.530299054132	  0.0014713764535	0.478305903055	0.594992553277
0.937555	0.551840346798	  0.0038176495672	0.461550136078	0.651362997412
0.941156	0.583189867836	 0.00178840827599	0.524127308569	0.650069484331
0.944773	0.626316366245	 0.00187925813696	0.566765015847	0.695022876714
0.948407	0.658774751948	 0.00333405963882	0.567538851257	0.761823166133
0.952057	0.668124642255	 0.00304342087032	0.613511449651	0.779654524427
0.955723	0.675890257827	 0.00171344495567	0.621419227858	0.735422924944
0.959406	0.669785776044	 0.00275693408182	0.574470534408	0.742717010232
0.963104	0.691739451932	 0.00281358010366	0.616841842289	0.752560153853
0.966817	0.713154942052	 0.00275467056777	0.626471637153	0.775910902591
0.970546	0.723721406559	 0.00353215991802	0.626992501187	 0.79473149667
0.974291	0.754729451323	 0.00263873777329	0.678017053187	0.827611968972
 0.97805	0.777826777042	 0.00188795061501	0.709331412524	0.857456251577
0.981824	0.792426350369	 0.00216047145143	0.718462381489	0.860822087112
0.985613	0.782323798806	0.000770246227795	0.739643887932	0.824305946462
0.989417	0.747875399622	0.000774998725839	0.702450382481	0.792602298751
0.993235	0.727516632819	 0.00114878283511	0.674767857777	0.781560802007
0.997067	 0.72712009949	0.000774215008332	0.679496175839	0.787028278766
 1.00091	0.762769372245	0.000365412490736	  0.7312273267	0.795510568336
 1.00477	0.791507941294	0.000462518018885	0.767044554819	0.840377330041
 1.00865	0.822628769083	0.000784992125053	0.758020088465	0.870497553263
 1.01253	0.858246456566	0.000292389171595	0.825124606139	0.888276011807
 1.01643	0.876194481789	0.000763168011233	0.834159754697	0.934099655977
 1.02034	0.871754022342	0.000804666928022	0.818616121145	0.902462697417
 1.02427	0.875566344379	0.000708207615284	 0.81133098452	0.902087236165
 1.02821	0.895794252825	0.000994971333876	0.827688113159	 0.93096593463
 1.03216	0.915611941401	0.000698460260895	0.866976065742	0.956876490297
 1.03612	0.961013084575	0.000558459677541	0.914997880692	 1.00141391653
  1.0401	0.981923672151	0.000677132101482	0.929446438522	 1.02305612379
 1.04408	0.968519917949	0.000896499311618	0.910203451985	 1.01063628023
 1.04808	0.929151008611	0.000400468958598	0.889538192499	0.963583736646
 1.05209	0.865888179721	 0.00101861452689	0.830284170983	0.933443115219
 1.05611	0.834255144375	  0.0017310605556	0.774282960564	0.895049992869
 1.06014	0.848939997236	 0.00221931715302	0.777290379484	0.906535230123
 1.06418	0.877741981194	 0.00298085923437	0.778750307901	0.943850444605
 1.06823	0.946637052487	  0.0034283857457	0.827318289852	 1.00414070924
  1.0723	 1.01068786538	 0.00169801600046	0.944011096859	 1.06168152676
 1.07637	 1.07032540647	 0.00140866091176	 1.00234064693	 1.10767674612
 1.08045	 1.14148743338	0.000918065445149	 1.08844128116	 1.18101174133
 1.08454	 1.20849901302	0.000825303958725	 1.15175122035	 1.25187013669
 1.08864	 1.26036887383	 0.00103563406203	 1.18257763946	 1.30499716061
 1.09275	 1.26916541674	0.000457231122493	 1.21842043111	 1.29160666614
 1.09687	  1.2544761275	0.000392041539376	 1.22490982716	 1.29437382809
   1.101	 1.24636409031	0.000799303437831	 1.19656853617	 1.28383235433
 1.10514	 1.22298710054	0.000501166577938	 1.19061563203	  1.2661262469
 1.10928	 1.19442543655	0.000577384214713	 1.16945204039	 1.25812893376
 1.11344	 1.19214036744	0.000936318298871	 1.14474715133	 1.24493182308
  1.1176	 1.21769579591	0.000487853022788	 1.17925087588	 1.24739293339
 1.12177	 1.24093221813	0.000285018571866	 1.21851103463	 1.27288365745
 1.12595	 1.25478800385	0.000244873536027	  1.2316372358	 1.28203588943
 1.13013	 1.24385829589	0.000422100153915	 1.21039336589	 1.27349368528
 1.13432	 1.20090919962	0.000992007927637	 1.15412111545	 1.25143236991
 1.13852	 1.18758495571	 0.00187416677137	  1.1214135504	 1.25620191605
 1.14272	 1.21903074254	 0.00141557274469	 1.17243406713	 1.28622880358
 1.14694	 1.26971773302	 0.00138252228576	 1.22128310875	 1.33297281367
 1.15115	 1.31284172738	0.000783632860247	 1.26523576637	 1.35966325382
 1.15538	 1.33412285812	 0.00129858899071	 1.29098349202	 1.38966596452
 1.15961	 1.32458421548	 0.00170362158404	 1.27954567743	 1.39238599326
 1.16384	 1.29050055753	 0.00212530856789	 1.24640571095	 1.36870901221
 1.16808	 1.25714635179	 0.00210920026515	 1.19432471822	 1.32302684281
 1.17233	 1.20669662319	 0.00126074208404	 1.16014266934	  1.2626974968
 1.17658	 1.17289278943	0.000970651470027	 1.12247995326	 1.23938372573
 1.18084	 1.15769925375	0.000673069774108	 1.11995931138	 1.22098711547
  1.1851	 1.16207190319	0.000810837546596	 1.10878277352	  1.2049716101
 1.18936	 1.15283693824	0.000487012379563	 1.11570419958	 1.18778765424
 1.19363	 1.13166891257	0.000881192547886	  1.0788060905	 1.19421840541
 1.19791	 1.11585232555	 0.00127905827329	 1.07389615615	 1.19619269939
 1.20218	 1.12453650275	 0.00140727338957	 1.07635340642	 1.21223045755
 1.20647	 1.17133632512	0.000835667565683	 1.14704100303	 1.24418388215
 1.21075	 1.22589770108	0.000960437620803	  1.1903484882	 1.29575981173
 1.21504	 1.26953281874	 0.00101618353274	 1.20432223646	 1.32837844031
 1.21933	 1.32453198643	0.000766123919584	  1.2945165298	 1.37232562038
 1.22362	 1.36924049043	  0.0012028120841	 1.31038780488	  1.4103856817
 1.22792	 1.38957311942	 0.00158340262182	 1.32465563962	 1.44715768331
 1.23222	 1.38452527839	 0.00268738468022	 1.30521945225	 1.44303286597
 1.23652	 1.33656941548	 0.00507001691891	 1.23578805836	 1.42132319336
 1.24083	 1.29565313602	 0.00432646848986	 1.19717267885	 1.37653343894
 1.24514	 1.28126969785	   0.002978190753	 1.19084418054	 1.35817470899
 1.24944	 1.29566910126	 0.00188021157907	 1.24127020881	 1.36797090457
 1.25375	 1.32858852392	 0.00162790181317	 1.28756853206	  1.3944481258
 1.25807	 1.36552615906	 0.00163808636299	 1.31776801005	 1.42431634859
 1.26238	 1.41581261008	 0.00111508208587	 1.37760535543	 1.46932820962
 1.26669	 1.43971699167	0.000867036038602	 1.40346795748	 1.48625819439
 1.27101	 1.47623885945	0.000672014157843	 1.42534621626	 1.51950045042
 1.27532	 1.50664437564	0.000710316295225	 1.47320244115	 1.54606576111
 1.27964	 1.48983863045	 0.00201875641988	 1.42177909791	 1.55881092361
 1.28396	 1.48599796979	 0.00241935618403	 1.43632822888	 1.55779664349
 1.28828	 1.49356617568	 0.00234637895271	 1.43757921149	 1.56641332412
 1.29259	 1.50312654534	 0.00224017268306	 1.44458771363	 1.56877546247
 1.29691	 1.50072738017	  0.0027154086717	 1.43225894653	 1.56479907663
 1.30123	 1.50246630158	 0.00302270210903	  1.4278220637	 1.57232664377
 1.30555	 1.50084125931	  0.0037126747033	 1.42433458105	  1.5766322995
 1.30987	 1.50581036256	  0.0037090386315	 1.42226851192	 1.59224012843
 1.31418	 1.51524230992	 0.00271959117374	 1.45820243315	 1.59190682936
  1.3185	 1.51623811909	 0.00351548946359	 1.44883993402	 1.60877961167
 1.32281	 1.48634780442	 0.00567499065514	 1.38475061926	 1.58942098618
 1.32713	 1.39049976116	 0.00619533303552	 1.29127170635	 1.51474328805
 1.33144	 1.25347206829	 0.00645872139659	 1.16578635805	 1.38445293788
 1.33575	 1.12203893306	 0.00461834026811	 1.05414734598	 1.21740118633
 1.34006	 1.00761801399	 0.00227360219684	0.958413141273	 1.08266869874
 1.34437	0.957599623544	 0.00169147314253	 0.91525228181	 1.03687104043
 1.34868	  0.9320800571	 0.00181172834043	 0.87850290851	 1.00667609706
 1.35298	0.912384264628	 0.00232075755906	0.847467463679	 1.00869379113
 1.35729	 0.90049915275	 0.00486512518888	0.800252826628	  1.0095851806
 1.36159	0.896114267799	 0.00732987442607	 0.75194189645	 1.02586472247
 1.36589	0.886370459059	  0.0138779335118	0.745048706279	 1.17060605847
 1.37018	0.884524977228	  0.0127905450065	 0.75040966276	 1.13146205439
 1.37448	0.880381796606	 0.00916190940015	 0.78653256556	 1.06369827766
 1.37877	0.900985766327	 0.00542304592641	0.787076814768	 1.03078221838
 1.38306	0.924466743506	 0.00811534473363	0.807080032652	 1.11972991638
 1.38734	0.931127469576	  0.0082449954443	0.842275995011	 1.12457976126
 1.39163	0.919122201099	 0.00523735643725	0.841962394907	 1.05479978244
 1.39591	0.884447291491	 0.00573686602969	0.779789885369	 1.03083816176
