1.90244	1.08719127299	0.000973928125572	1.04971010797	1.14731879037
1.90597	1.10825711014	 0.00163465523406	1.07088842022	1.17929249455
1.90949	1.11879495478	 0.00245308312562	1.06003419963	1.23421099204
1.91301	1.12531674654	 0.00192337584805	1.05531218264	1.19905084607
1.91653	1.12458015769	 0.00153845669784	1.07195946092	1.21689201574
1.92003	1.12715715922	 0.00107306301607	1.07861218179	1.18563815575
1.92354	1.11354739025	0.000898322937646	1.06640240838	1.16147150857
1.92704	1.09378879466	 0.00159450899177	1.04355753805	1.17077891861
1.93053	1.08065449523	 0.00133318387596	1.01802479848	 1.1433472217
1.93402	   1.07732065	0.000720091728892	1.02743261806	 1.1137532246
 1.9375	1.06930778342	 0.00101845414785	1.01563513734	1.12991009326
1.94098	1.03911827175	0.000859603436191	0.980131588924	1.08172669635
1.94446	1.00616513848	 0.00110991048931	0.948712277521	1.06621781137
1.94792	0.98945760675	 0.00112212778408	0.918045922364	 1.0286900941
1.95139	0.990857283937	0.000822416948117	0.938623914368	1.03867453875
1.95485	1.00468864175	0.000580131146542	0.959020121466	1.05819625007
 1.9583	1.02480637216	0.000593193811337	0.991060736436	1.07119545898
1.96175	1.03173984723	0.000630823257148	0.997649154809	1.07448419023
1.96519	1.03980624665	0.000584353297086	0.997438072252	1.07769134925
1.96863	1.02919990179	 0.00061425958275	0.981619573982	1.06088711121
1.97207	 0.9988758276	0.000706750286252	0.949467709263	1.04008325443
 1.9755	0.954030173921	 0.00112704695174	0.901518716249	1.03390427811
1.97892	0.929032475714	 0.00062986127386	0.887812516405	0.978287318432
1.98234	0.923882767686	0.000537236897325	0.872472010645	0.947772558156
1.98576	0.934870676609	 0.00071770542197	0.89693736279	0.976941972232
1.98917	0.950184609448	0.000567271597979	0.911599093755	0.991588215535
1.99257	0.959577533642	0.000667955421428	0.904979763335	1.00337547649
1.99597	0.970860796278	0.000934967532776	0.90493090281	1.00005560605
1.99937	0.96679932677	 0.00119706615937	0.891068546835	1.02438318958
2.00276	0.951203499938	 0.00105471237596	0.883580534264	1.00925437897
2.00615	0.94088622563	 0.00108651149412	0.894122621763	0.995471482011
2.00953	0.941457531287	0.000899266049694	0.891939773247	0.982861023158
2.01291	0.951413775343	0.000511819847404	0.913634928815	0.994772483105
2.01628	0.962407487419	0.000834316091205	0.93053796869	1.03443382912
2.01965	0.969767449801	0.000423324282716	0.946910236931	1.01312792104
2.02302	0.967811476494	0.000430720400565	0.922424007256	1.01842983526
2.02638	0.975185037414	0.000383594416736	0.951424314307	1.02720975171
2.02973	0.975887678097	0.000254631054439	0.946252537733	1.00010421762
2.03308	0.98198582337	0.000256028800719	0.952936914596	1.00757069914
2.03643	0.983331932064	0.000208163265196	0.951067782675	1.00440037031
2.03977	0.978957493503	0.000156748150923	0.947172731315	0.998553762613
 2.0431	 0.9823448874	0.000170086904544	0.953122789636	1.00320661613
2.04644	0.983477688053	0.000383296256303	0.951923635906	1.00463585403
2.04976	0.986334208021	0.000420015405183	0.935423394306	1.02315622737
2.05309	0.990772363047	0.000296819555986	0.949313743444	1.01971892563
2.05641	0.995793921041	0.000228297771212	0.976857993944	1.02122768594
2.05972	0.995834416376	9.64051367199e-05	0.973299634521	1.01552516685
2.06303	0.996101494179	0.000269337085197	0.958742980173	1.01510526913
2.06633	0.997322348135	0.000225187951563	0.967090038701	1.02477839231
2.06964	1.00129091984	 0.00012166542338	0.98450530378	1.02370903771
2.07293	1.00878959278	0.000240436238673	0.975010641231	1.03255295149
2.07622	1.01376562914	0.000107883632971	1.00058473342	1.03208045861
2.07951	1.02036547267	0.000153662440036	1.00323534994	1.04827872685
2.08279	1.01935535382	0.000245874512165	0.976316540914	1.04570134391
2.08607	1.02657201874	0.000144209735984	 1.0015060894	1.05011204567
2.08934	1.03364950107	0.000154659702498	1.00603799808	1.04996054551
2.09261	1.03905140824	 0.00010361518032	1.02140770696	 1.0589931117
2.09588	1.04569287107	4.69969483848e-05	1.03427242304	1.06060511643
2.09914	 1.0435669026	0.000123479979597	1.02505612942	1.06081836117
2.10239	1.04950090992	0.000119700078435	1.02776796722	1.06700252148
2.10564	1.05850717533	 0.00018472974492	1.03817433834	1.08192827993
2.10889	1.06106835387	0.000141361382091	1.04511697915	1.08279535157
2.11213	1.06652599581	0.000184501201244	1.04118284185	1.08793472051
2.11537	1.07303477566	9.97441050812e-05	1.05800714591	 1.0910337953
 2.1186	1.07589076544	0.000163906457406	1.05482770968	1.09393430482
2.12183	1.08242728962	7.83329764792e-05	1.07065864315	1.09505683078
2.12505	1.08287898613	0.000156606587157	1.05977422371	1.09880666071
2.12827	 1.0857696316	0.000128609837255	1.06981032188	1.10480188117
2.13148	1.08965047068	0.000144646804048	 1.0699371386	1.11329431562
2.13469	1.09642430918	0.000122806117495	1.08134632979	1.11835662002
 2.1379	1.09689714394	7.70149024679e-05	 1.0843085237	1.12231674848
 2.1411	1.10026301836	0.000200604993406	1.07958889408	  1.127504354
2.14429	 1.1082509603	 0.00023801713344	1.08201010566	1.13396626014
2.14748	1.11222891611	 0.00019740242127	1.09560235416	1.14481600389
2.15067	1.10908989985	0.000284973724437	1.08246928351	1.14678191119
2.15385	1.10185594411	0.000296342494992	1.08472403229	1.13940110772
2.15703	1.10558868022	0.000207223143502	1.08912443203	 1.1327424247
 2.1602	1.10515699459	0.000211317392769	1.08214048305	1.12704420633
2.16337	1.11225283837	0.000241098031363	 1.0882326656	1.13625456811
2.16653	1.12166494096	0.000303154156538	1.09634198326	1.15533877285
2.16969	1.12514467229	 0.00031665058194	1.10617189336	1.16593913524
2.17284	1.11358514119	 0.00017957882589	1.09496751328	1.13490310516
2.17599	1.10827246743	0.000143457980037	1.09158624475	1.12800568312
2.17913	1.11169279225	0.000122264257709	1.08728441556	1.13203036363
2.18227	1.11310538817	0.000117435527344	1.09342313629	1.12684537465
2.18541	1.11175620392	0.000176722802737	1.09209471706	1.13677010139
2.18854	1.11059767088	0.000114924336201	1.09669030079	 1.1304529639
2.19166	1.11210431143	 0.00024264831963	1.08428581284	1.13234778379
2.19478	1.11288604592	0.000241410740332	1.07524448649	1.13376117083
2.19789	1.11012067181	6.86273531105e-05	1.09907796199	1.12655275585
  2.201	1.10093148688	 8.1433462583e-05	1.08533592264	1.11756602402
2.20411	1.08401092654	0.000266161951302	 1.0616294502	1.11605193971
2.20721	 1.0747921616	0.000293531658488	1.05350249988	1.10610091957
 2.2103	1.07809045593	0.000187110755824	1.05238496135	1.10135980026
2.21339	1.09140373683	0.000208324273032	1.06102830823	1.11172809561
2.21648	1.10205997614	0.000152775988611	1.07800726766	1.11967003207
2.21956	1.10496705922	8.18796335224e-05	1.08703349331	1.11917331148
2.22263	1.10817430645	9.42040288195e-05	1.08740788672	1.12910942501
 2.2257	1.10778766901	 0.00012423297041	1.08771731501	1.12691261115
2.22877	1.10691133409	3.52674587123e-05	 1.0918379853	1.11768602008
2.23183	1.09811159033	5.71134534884e-05	1.08797856391	 1.1111911779
2.23488	1.09809900446	6.36435798043e-05	1.08603235104	1.11799714572
2.23793	1.09240211743	0.000101996671677	1.07829799088	1.11754482452
2.24097	1.09371491637	4.57233281837e-05	1.07712391804	1.10407494504
2.24401	1.09363787556	7.84522675617e-05	1.07432119356	 1.1111802747
2.24705	1.09268865307	0.000123207928213	1.07928550729	1.11825634338
2.25008	1.08863497025	5.02938645446e-05	1.07726011049	1.10387024558
 2.2531	1.08906037031	4.42278614966e-05	1.07618858652	1.09996699653
2.25612	1.08441532828	0.000125778952171	1.07097028374	1.11344303722
2.25913	1.08153421828	0.000215183887358	 1.0557597622	1.10452826885
2.26214	1.06989559974	0.000188038493597	1.03053503989	 1.0824468145
2.26514	1.06592389053	0.000127509790088	 1.0517015263	1.08640881086
2.26814	1.06267901296	6.78739961213e-05	1.04930325747	1.07516690961
2.27114	1.05968742387	6.78058155369e-05	1.04546341464	 1.0713408954
2.27412	1.05806382907	8.93576906457e-05	1.03870078775	1.07178711173
2.27711	1.05152713261	 8.4537043636e-05	1.03644131157	1.06524534874
2.28008	1.04792969828	7.89810900268e-05	1.02926543408	1.06613772578
2.28305	1.04834939554	3.56290239782e-05	1.03809195744	1.05791411133
2.28602	1.05078821253	0.000196608356166	1.03823003455	1.09367481024
2.28898	1.03904101317	0.000183217895107	 1.0203733972	1.06645950678
2.29194	0.989795411195	 0.00042020428071	0.959234676883	1.02852470763
2.29489	0.927343417282	0.000730683099278	0.894813931328	0.999287428956
2.29784	0.882667976573	0.000689657592531	0.855657769036	0.960408901239
2.30078	0.885371790431	 0.00023575357994	0.852221662097	0.907371106609
2.30371	0.903354473559	0.000192824586811	0.877487436606	0.924065991554
2.30664	0.911366657533	0.000199910144354	0.887435112272	0.929286529115
2.30957	0.913871567491	0.000326966128564	0.885799152142	0.95779706515
2.31249	0.908159870899	0.000176681089083	0.877806527928	0.925843284997
2.31541	0.900747349377	0.000279403821066	0.864059724604	0.920921278389
2.31832	0.891978718392	0.000297409526364	0.861813967088	0.919063315737
2.32122	0.858910333266	 0.00033722846586	0.837347559037	0.899399673216
2.32412	0.829581344735	0.000201562586829	0.815618395969	0.866307517243
2.32702	0.812061290722	0.000164122822056	0.786968310295	0.836723741964
2.32991	0.814831529606	0.000255893497384	0.778966324463	0.83773113751
2.33279	0.823091667569	0.000163273056375	0.793733414696	0.836741640666
2.33567	0.82803335251	0.000115319167122	0.801605671036	0.842857411688
2.33855	0.827706635484	0.000191264496967	0.801037371693	0.844738771852
2.34142	0.828690677242	0.000239324621222	0.793792732905	0.856449295215
2.34428	0.829573979688	0.000165610360938	0.80711317042	0.857476988998
2.34714	0.835753598455	 0.00021721643516	0.811597413911	0.874276753071
   2.35	0.818372765526	0.000145859735817	0.795671295935	0.840507612783
2.35285	0.789137656789	0.000206486370157	0.773627255496	0.822672193825
 2.3557	0.768218532853	0.000205096717733	0.749817207293	0.807927138144
2.35854	0.766944674143	 9.2242708352e-05	0.751785176019	0.780078701771
2.36137	0.775971575986	0.000250642101276	0.751474334289	0.808090378168
2.36421	0.781455103959	0.000202152617595	0.756938485665	0.816155240145
2.36704	0.788159882539	0.000258393148642	0.763957426905	0.825072376041
2.36986	0.787740500349	 0.00022215208445	0.767824714375	0.821757734448
2.37268	0.791613203023	0.000191900740632	0.764403363444	0.814677880339
2.37549	0.786609843913	0.000133246028154	0.766805329923	0.80940721201
2.37831	0.775100237713	0.000109438420651	0.752645373481	0.790198970473
2.38111	0.761277749307	0.000209748142841	0.73772050428	0.791214951079
2.38392	0.738120844366	 0.00019472382056	0.712858149584	0.755128912049
2.38672	0.733710059686	 0.00022364233808	0.710680636086	 0.7727477429
2.38951	0.733128753333	0.000190403062192	0.712704033623	0.76931365567
 2.3923	0.731656838557	0.000357743160478	0.689998343464	0.758290926098
2.39509	0.732355113103	 9.3542383025e-05	0.718473466546	0.754539633353
2.39788	0.727050305927	0.000248472686397	0.695720364895	0.748030907361
