0.801645	0.148978368722	0.00210236956107	0.114941788719	0.179785748515
0.804454	0.161540333616	0.00131192748093	0.134769753971	0.185993332154
0.807283	0.195050190698	0.00155959033279	0.166225049929	0.222074675403
 0.81013	0.230172042934	0.00049704126855	0.213685780708	0.245214855181
0.812997	0.259032123979	0.000685513795616	0.239843827099	0.276871216843
0.815883	 0.30003507782	0.00479163728845	  0.2471963049	0.345090505836
0.818789	0.249009263216	8.59534603213e-05	0.241925612265	0.255036940217
0.821714	0.252447185577	2.29428486362e-05	0.249127441876	0.255901340109
0.824658	0.272762072866	0.00177075207413	0.241708879788	0.301219417916
0.827622	 0.31488722824	0.000545404168502	0.297212931801	0.330240319481
0.830606	0.295753286602	0.00150479700636	0.265998742977	0.320858509772
0.833608	0.256747647566	0.000728884721222	0.236202114643	0.274382861655
0.836631	0.303638648886	1.72565379919e-05	0.300690213724	0.306564996782
0.839672	0.310142145058	0.000148274048096	0.300972825166	0.318193397056
0.842733	0.267671238653	0.000895342518193	0.245937505282	0.288253991861
0.845814	 0.30341235928	6.11295687702e-05	0.298097651887	0.309154737287
0.848913	0.278359392072	0.00110792744354	0.256408325618	0.303481193463
0.852032	0.258390799172	0.000167699736684	0.248717383912	0.267031298659
0.855171	 0.28531716966	0.00229840236345	0.251472198836	0.319271938709
0.858328	0.250955785665	0.000276901270638	0.239245279475	0.262778289084
0.861505	0.252950325229	0.000491824790941	0.237665927744	0.269029116068
  0.8647	 0.22789161634	0.000762999948128	0.208759806462	0.247823855103
0.867915	0.229685499809	0.00189943144412	0.199490032073	0.261124948218
0.871149	0.223843590304	0.00237240659201	0.189852137798	0.258734742163
0.874401	0.219158368818	0.00246992455519	0.183880733718	0.254164793863
0.877672	0.225485668971	 0.0013052856032	0.199572451311	0.250666200502
0.880962	0.271787643039	0.00066951634271	0.252975800743	0.289568596282
0.884271	0.311848237847	0.000987130296861	0.288859407257	0.333292059594
0.887598	0.318546766227	1.10029734257e-05	0.316142603591	0.320833653244
0.890943	0.358183008184	0.000471089744578	0.341880824575	0.372575766978
0.894307	0.334630919728	0.000302701568995	0.322991597769	0.347596539102
0.897689	0.363725442345	0.000777485298227	0.342941260924	0.382374376404
0.901089	0.389768222509	0.00625570883048	0.330908608874	0.442763057427
0.904508	0.399851416315	0.00667630761708	0.341216951171	0.456770467924
0.907943	0.440558841701	0.00146757043126	0.412615073651	0.466792013972
0.911397	0.470051974587	0.000595793659537	0.451502621682	0.486021997677
0.914869	0.503532064484	0.00178268095626	0.472094723586	 0.53180537517
0.918357	0.536665881932	0.00221930629979	0.500780513276	0.567403426749
0.921863	0.559873157894	  0.004635405394	0.508306177327	0.604591226987
0.925387	0.520579590922	0.000679715802846	0.500760538069	0.537631008715
0.928927	0.489203286228	0.000160799447612	0.481170787523	0.499103966137
0.932485	0.469387822418	1.67663859235e-06	0.468571616609	0.470402812171
0.936059	0.527742006816	0.000967935718958	0.503108538185	0.547107077228
 0.93965	 0.53657574898	0.000793391521831	0.513571638148	 0.55340608359
0.943257	  0.5516292211	0.00277837995631	0.508466381416	0.583010059301
 0.94688	 0.58898527365	0.000158585524448	0.578632731126	0.596442027825
 0.95052	0.640152999905	0.000896050832404	0.616094214577	 0.65842743634
0.954176	 0.64489512752	3.60612352133e-05	0.640027670038	0.648520164985
0.957847	0.630985653043	6.65021391016e-05	0.624600669819	0.636133417896
0.961535	0.633794170304	0.000982282513161	0.609428144277	0.653751558251
0.965237	0.663013702795	0.000234973794485	0.650869154207	0.672547428792
0.968955	0.688743898109	0.000767947118159	0.666386842346	  0.7055773289
0.972689	0.689573336966	0.000295664772944	0.679508147394	0.703825415865
0.976437	0.757127790665	0.000448146129788	0.739683144978	0.769621285527
  0.9802	0.740852205875	0.000167938239068	0.730416235401	0.748743168536
0.983978	0.764453285582	0.000159879420319	0.754201319206	0.772083121146
 0.98777	0.751750911007	0.000926433512288	0.733353206502	0.776398148419
0.991576	0.712400226499	0.000477948223647	0.699129539739	0.730047114794
0.995397	0.680073507049	0.000153556534086	0.672669305959	  0.6901939477
0.999231	0.685308743086	0.000667510932702	0.663917923512	0.700455874541
 1.00308	 0.70804653359	0.000517568343678	0.689985557402	0.722159097576
 1.00694	0.768988177273	0.00311051648588	0.724022068143	0.802895593307
 1.01082	0.816538308068	0.00100829482021	 0.79103198705	0.835938441379
  1.0147	0.874880572428	0.00141253079947	0.844681786822	0.897833095357
  1.0186	0.837966577963	0.00037539631336	0.826317925854	0.853718521225
 1.02252	0.857749898425	0.000286557034813	0.843927547824	0.867867348776
 1.02644	0.832319725123	2.88185028407e-05	0.829177109546	0.836769013502
 1.03038	0.838393252811	6.43554094169e-06	0.836894036768	0.840481665773
 1.03433	 0.90204155776	5.31357511838e-05	0.896103680627	0.906412487657
  1.0383	 0.95247118936	6.35543281776e-05	0.947842409186	0.959116656671
 1.04227	0.961067108493	0.000967337688759	0.942855779958	0.986840724854
 1.04626	0.923962066894	 0.0011132697798	0.904809256485	0.951995478622
 1.05026	0.893889859029	0.00195495349161	0.868954680791	0.931483929813
 1.05426	 0.82179397866	0.00275752104853	0.791196691963	0.865460021386
 1.05828	0.797937519074	0.000516579626977	0.784271847537	0.816414642281
 1.06231	0.829648362495	1.01120736922e-06	0.828835554318	0.830257670606
 1.06635	0.886896749511	5.75995328497e-05	0.882218385175	0.892951467943
 1.07041	0.955337552518	5.89134174743e-06	0.953377649042	 0.95681024041
 1.07447	0.992430057407	0.000499353126297	0.979098616392	 1.01070093043
 1.07854	 1.06945756154	0.000165757477893	 1.05898193009	 1.07718948225
 1.08262	 1.12108027346	0.000375232303074	 1.10994795027	 1.13734255934
 1.08671	 1.22131901907	0.000452284133192	 1.20879817265	 1.23887421405
 1.09081	 1.27426384373	0.00313411637843	 1.24175561168	 1.32092778328
 1.09492	 1.26753421685	0.00204660293767	 1.24127903157	 1.30525719874
 1.09904	 1.25227581888	0.00151804028393	  1.2294662119	 1.28456685225
 1.10316	 1.22700565334	0.00227443600355	 1.19946637297	 1.26691169903
  1.1073	 1.21674889629	0.000592517628623	 1.20294664318	 1.23737098424
 1.11144	 1.19847128111	0.000343930675854	 1.18775784974	 1.21398496075
 1.11559	  1.1961026491	0.00265687307673	 1.16571447538	  1.2386099221
 1.11975	 1.20849715334	0.00139752026331	 1.18640187717	    1.23927002
 1.12392	 1.23335563881	0.00121834628327	 1.21238962905	 1.26175249532
 1.12809	 1.24302675797	0.000573311135449	 1.22896242918	 1.26282424058
 1.13228	 1.20899640486	 0.0041732285771	 1.17237198592	 1.26373093269
 1.13646	 1.22820064263	0.00165646899279	 1.20503162177	 1.26258974878
 1.14066	 1.19572359661	7.00654672424e-05	 1.19095742235	 1.20279511361
 1.14486	 1.22969618674	             0.0	 1.22969618674	 1.22969618674
 1.14907	 1.26112995085	0.000186393465029	 1.24969637667	 1.26900406762
 1.15329	 1.30576350426	2.97422498963e-06	  1.3047854695	 1.30722441394
 1.15751	 1.33430466352	0.00221073187255	 1.30720721395	 1.37370130199
 1.16173	 1.30761694832	0.00219229579912	 1.28121958086	  1.3474358296
 1.16597	 1.28758209761	 0.0011517385943	  1.2684008588	 1.31639541254
  1.1702	 1.23826457228	0.00407370173698	 1.20130534024	 1.29156830869
 1.17445	 1.19900923648	0.00253507093911	 1.16976255539	 1.24096748414
  1.1787	 1.18340313128	0.000195527236615	 1.17512420042	 1.19489929772
 1.18295	 1.16744448887	0.000475454841932	 1.15430470563	 1.18514152914
 1.18721	 1.17490546423	0.00032357533169	 1.16392931937	 1.18936847547
 1.19147	 1.17026820877	0.00190651883218	  1.1431106561	   1.204860455
 1.19574	 1.13972976187	0.00249083750423	 1.10905097709	   1.179631959
 1.20001	 1.13936356548	1.25347625333e-05	 1.13644518113	 1.14145212881
 1.20428	 1.15467183927	0.000429900235261	 1.13768679855	   1.167009153
 1.20856	  1.2031260334	8.65517794619e-05	 1.19536356219	 1.20852044476
 1.21284	 1.26719633328	7.39479777243e-05	  1.2599724256	  1.2721336737
 1.21713	  1.3147542042	4.37011555797e-05	 1.31085390707	 1.32020282739
 1.22142	 1.38604845505	2.77089493751e-06	 1.38465177254	 1.38700587319
 1.22571	 1.44376022448	0.000322883922118	 1.43320634737	 1.45861830999
    1.23	 1.44569745678	0.00283935123936	 1.41463409649	 1.48999126256
  1.2343	 1.43441242092	0.00217566491836	  1.4075275648	 1.47349217529
  1.2386	 1.39409198045	0.00056364287023	 1.38030464842	  1.4138797246
  1.2429	 1.37804370619	2.47183326175e-05	 1.37511667241	 1.38214779361
  1.2472	 1.34759104829	0.000807342386474	 1.33073223929	  1.3709153797
 1.25151	 1.36942032759	1.66351496699e-06	 1.36837611371	 1.37020012849
 1.25582	 1.43478884213	8.75693509523e-05	 1.42891332514	  1.4421473231
 1.26013	 1.47895757963	0.000217979990955	 1.46962516921	 1.49050482395
 1.26444	 1.52761017928	0.00034645061021	  1.5157407095	 1.54206372643
 1.26875	  1.5542781723	0.00161012656628	 1.52921502618	 1.58596230041
 1.27306	 1.57217163244	0.000824546119427	 1.55436911923	 1.59497813595
 1.27737	 1.60435317462	0.000302030088348	 1.59412768429	 1.61870531999
 1.28169	 1.58624532676	0.00179111344335	 1.56127561081	 1.62112731828
   1.286	 1.60448442441	4.28721233613e-05	 1.60063409566	 1.60989391459
 1.29032	 1.57836468483	5.54033696709e-05	 1.57217433097	 1.58270080898
 1.29463	 1.62573554598	5.85012900379e-05	  1.6211764565	 1.63199322958
 1.29895	 1.62728421452	9.51427276282e-05	 1.61911018043	 1.63290457985
 1.30326	 1.61169918327	0.000245588054717	 1.60250382919	 1.62466632249
 1.30758	 1.62400616974	0.000140240400057	 1.61694924318	  1.6336968042
 1.31189	 1.62199091732	0.000424407402144	 1.61015548204	 1.63928990849
 1.31621	  1.6255207325	0.000946521333476	 1.60706626411	 1.65057537427
 1.32052	 1.63837261311	0.000481158121089	 1.62555797628	 1.65657919873
 1.32483	  1.5615033999	0.00117595524218	 1.54130985013	 1.58980634985
 1.32915	 1.43012724222	0.00321136163184	 1.39706691647	 1.47720881103
 1.33346	 1.26672533105	0.00546633616939	   1.222745387	 1.32730480713
 1.33777	 1.11079882461	0.00519287669592	 1.06811676064	 1.17002727723
 1.34207	 1.03203409839	0.000583585503585	 1.01700485046	   1.051168735
 1.34638	0.966325682897	0.000930405909273	0.947232191831	0.990369319906
 1.35069	0.922922040375	0.000256257332626	0.913363228011	0.936002014755
 1.35499	0.919254873843	4.79081686304e-05	0.913508347859	0.923296929843
 1.35929	0.879363646289	0.000386788225659	0.862153489625	0.889966731998
 1.36359	0.867520049257	0.00225925838434	0.823994277646	0.891214191129
 1.36788	0.825063739478	0.00240053281227	0.776576600208	0.845866322566
 1.37218	0.850487656086	0.000841146485615	 0.82150924199	0.862525006901
 1.37647	0.824658188632	0.00902012065022	0.733288365876	0.867602331272
 1.38076	0.863919916785	0.00575623399691	0.792004678539	 0.89930084806
 1.38505	0.898017454447	0.00358747383379	0.842226503097	0.926931565918
 1.38933	0.860376796171	0.000129624496635	0.849683119274	  0.8657843302
 1.39361	0.875948002533	0.000179163869962	0.863486621553	0.882416168297
 1.39789	0.863920773675	             nan	0.863920773675	0.863920773675
