1.90066	0.973883989555	nan	0.973883989555	0.973883989555
 1.9042	 1.02899169949	nan	 1.02899169949	 1.02899169949
1.90772	 1.08771329325	0.00927235203298	 1.00847486133	 1.14465380268
1.91125	 1.10744047379	0.00442856218477	 1.05628682365	 1.15039912025
1.91476	 1.06579584779	0.00617715021166	 1.02530589347	 1.13645579415
1.91827	 1.08432398979	0.0041746023621	 1.04989873133	 1.14127271408
1.92178	  1.0736151533	0.00565576267826	 1.02938579275	 1.13574144778
1.92528	 1.07338597603	0.00417220368657	 1.01355104258	 1.10489877037
1.92878	 1.05415975101	0.00338960786928	 1.00849258667	 1.09082857964
1.93227	  1.0227836196	0.00453023143425	0.985023889507	 1.08021035319
1.93576	 1.01858432424	0.00310588117734	0.987604461848	 1.06641919622
1.93924	 1.01670549862	0.00377524805378	0.973587799218	 1.06048138993
1.94271	0.990239321005	0.00533720345915	0.932634477764	  1.0359514992
1.94618	0.974574590806	0.00415940765831	0.928900458833	 1.02010799863
1.94965	 0.97025911179	0.00388346306535	0.914217382717	 1.00234754856
1.95311	0.958438402871	0.00230185073227	0.943613727102	 1.01146430901
1.95657	0.985662278006	0.00350883509848	0.948802759644	 1.03257429536
1.96002	0.990995596889	0.00330479963853	0.954772238656	  1.0360716807
1.96347	 1.00546184872	0.00396823315073	0.954713154208	 1.04380000117
1.96691	0.998495991655	0.00314210304176	0.965228826969	 1.04450181154
1.97034	0.968586676025	0.00375905032711	0.933213387183	 1.01992036876
1.97378	0.928244565147	0.00179969987972	0.900962023197	0.960957020984
 1.9772	0.907934408723	0.000678837128024	0.890673884644	0.927520516187
1.98063	0.910436668599	0.000879401394633	0.880690917264	0.922629000068
1.98404	0.896084842675	0.000714872291302	0.885024879677	0.922836843162
1.98746	0.926041556133	0.00155596973124	0.889219520962	 0.94500428109
1.99086	0.941189196553	0.00107158038292	0.908268878684	 0.95456316306
1.99427	0.972750606094	0.00227763568524	0.918669927617	 0.98616267812
1.99767	0.977529771221	0.00283832538845	0.918185080639	  0.9935286323
2.00106	0.959534462484	0.00322559469414	0.910046020704	0.990365317192
2.00445	0.923187369718	0.00456408104797	 0.87854774709	0.974089162696
2.00784	0.906969662018	0.00396437706662	0.881336414856	0.970379966746
2.01122	0.921697061975	0.0050901388919	0.888302353079	  0.9891997157
2.01459	0.942652645742	0.00423003395312	0.887297976552	0.979276603994
2.01796	0.962309827422	0.00186931037149	0.920650142884	0.981794404618
2.02133	0.957935328299	0.000794336751251	0.928565450015	0.968423617339
2.02469	0.934848367007	0.00128254452503	0.911043897943	0.961690606129
2.02805	0.945989784822	0.000844486837497	 0.93044362644	 0.97154075134
 2.0314	0.954992968183	0.000985840399771	0.931324989148	0.975728601608
2.03475	0.966714067998	0.00111259585072	0.938149420119	0.985321357767
2.03809	0.962649935584	0.00160635296233	0.931021767762	0.987702504566
2.04143	0.967106184796	0.00143843236086	0.937690215791	0.991326628066
2.04477	0.975680744667	0.00129760720762	0.941923143798	0.992866390802
2.04809	0.989194094565	0.00222812821322	0.941401250871	 1.00815644862
2.05142	0.978161814108	0.00278761268536	0.938116982757	 1.01278441455
2.05474	 0.99072010786	0.00150342604731	0.958411486132	 1.01324625699
2.05806	0.985859944752	0.000670828402408	0.967094359323	   1.003722993
2.06137	0.994036876448	0.000531141670373	0.975810969734	 1.00840365819
2.06468	0.996453417913	0.000523396921529	0.979157808278	 1.01151200187
2.06798	0.998457106785	0.00029796417679	0.986533615316	 1.01094525913
2.07128	 1.00213669724	9.25275929208e-05	0.994250871378	 1.00785437041
2.07457	 1.00645692935	0.000239002649364	0.996980336527	 1.01884366881
2.07786	 1.01022524639	0.000531725931297	0.997338270112	 1.02994887977
2.08115	 1.01461753109	0.000721855158154	0.995621866904	 1.03361805508
2.08443	 1.02529945315	0.000524536030257	 1.00429475482	 1.03668413673
 2.0877	 1.03622920421	0.000198068264877	 1.02422890215	 1.04413208104
2.09097	  1.0333547246	0.0003046387507	 1.02311267876	 1.04779622594
2.09424	 1.04107581193	0.000496187615841	 1.02571203996	  1.0572140277
 2.0975	 1.05243745365	6.90769150742e-05	  1.0449930678	 1.05674695355
2.10076	 1.05817213958	8.41261169741e-05	 1.05020916102	  1.0631803689
2.10401	 1.07086146687	5.69000537016e-06	 1.06837786505	  1.0717512922
2.10726	 1.07201802954	3.41573141488e-05	 1.06784775938	 1.07611302576
 2.1105	 1.07642341088	4.67022959559e-06	  1.0746895021	 1.07774571858
2.11374	   1.073126709	7.36305477709e-05	 1.06778560254	 1.07992072082
2.11698	 1.07629119536	8.162430471e-05	 1.07347437134	 1.08625124926
2.12021	 1.09440896838	6.37748935927e-06	 1.09294257872	 1.09651399002
2.12343	  1.0942059603	2.48995791879e-05	 1.09028566927	 1.09734252114
2.12665	 1.09547479042	3.8576541898e-05	 1.09043550743	 1.09921919024
2.12987	 1.10192593665	1.89745211313e-05	 1.09923127429	 1.10539155369
2.13308	 1.10835958502	1.01572388171e-05	  1.1060301384	 1.11053729689
2.13629	 1.10983626983	7.20037880279e-05	 1.10335124954	 1.11535156521
2.13949	 1.11796412626	2.05208838612e-05	 1.11380021596	 1.12020660088
2.14269	 1.12206556964	2.19552920244e-06	 1.12065531176	   1.122750797
2.14588	 1.12699551123	2.79105905907e-05	 1.12389549208	 1.13136684947
2.14907	 1.12079818823	0.000102773184413	 1.11319987083	 1.12753675922
2.15226	 1.11408130846	0.000210889420824	 1.10533143213	  1.1258686871
2.15544	 1.10632839352	0.000209879975666	 1.09849375976	 1.11898180386
2.15861	 1.10878876923	0.000597949015702	 1.09795838978	 1.13254014843
2.16178	 1.12007296165	0.000390700888796	 1.10946530479	 1.13741886945
2.16494	 1.13454946417	0.000131631378741	 1.12867642272	 1.14490179659
 2.1681	 1.13856469441	7.53421344588e-06	  1.1369316591	 1.14081346626
2.17126	 1.13621466003	6.23491112238e-06	 1.13511880763	 1.13865007118
2.17441	 1.13226552756	6.04266998673e-06	 1.13034552888	 1.13382192644
2.17756	 1.13043392854	7.22356417951e-05	 1.12330442206	 1.13532404284
 2.1807	 1.13793647098	1.85427150576e-06	 1.13685272227	 1.13877848005
2.18383	 1.13835385147	1.33163884821e-06	 1.13737999189	 1.13901194706
2.18697	 1.13220619707	4.0365384595e-06	 1.13098108306	 1.13382239912
2.19009	 1.13122927248	0.000169385621967	  1.1240732403	 1.14247897973
2.19321	 1.13746292924	0.000425429784194	 1.12411342829	 1.15328292551
2.19633	 1.13797337729	0.000238876270021	 1.12887068106	 1.15072823216
2.19944	 1.13117485938	0.000217764380072	  1.1211602576	 1.14202958342
2.20255	 1.11539797457	0.000183155868291	  1.0985670167	  1.1177062888
2.20565	 1.08645914634	0.000348293625364	 1.07492013302	 1.10131307243
2.20875	 1.08629191354	0.000707704037383	 1.07044309728	 1.10806500679
2.21184	 1.11094535939	0.00103403303597	  1.0921020485	 1.13757804296
2.21493	 1.12308988592	0.000299388104066	 1.11260190328	 1.13707180741
2.21801	 1.12428879202	0.000220191753467	 1.11421800437	 1.13520332083
2.22109	 1.12988099206	0.000164690995198	  1.1225225843	  1.1406714683
2.22416	 1.12958969102	4.78097797717e-05	 1.12613274526	 1.13591127068
2.22723	 1.13722327614	0.000582007858577	 1.12028371955	 1.15440139411
2.23029	 1.13065469887	0.000297060631129	 1.11634106066	 1.14071566347
2.23335	 1.11585339702	0.000171628164309	 1.10977354303	 1.12830072113
 2.2364	 1.11100204014	5.6027649763e-05	 1.10578299933	 1.11636861691
2.23945	 1.12445546777	0.000439840054122	 1.11027492905	 1.13993433073
2.24249	 1.12464223193	0.000249689203765	 1.11324177521	 1.13558855143
2.24553	 1.12144247134	0.000329205486867	  1.1084766174	 1.13413613753
2.24856	  1.1154928283	0.00022792298828	 1.10652641768	 1.12787696748
2.25158	 1.11186348273	0.000203867507853	 1.10260999112	 1.12280244059
 2.2546	 1.11041360347	0.000178325051806	  1.0998589841	 1.11874416621
2.25762	 1.10549436944	0.000394581622251	 1.09385224859	 1.12194429807
2.26063	 1.10705156677	0.000563660698225	 1.08644915537	 1.12002476253
2.26364	 1.08958716799	0.000105612245857	 1.08284011165	 1.09737367596
2.26664	  1.0849767029	0.000104363818442	 1.07807318824	 1.09252059759
2.26963	 1.07841552035	0.000116360554433	 1.07277261678	 1.08802781618
2.27262	 1.07773389056	0.000379376692387	 1.06730281001	 1.09484828849
2.27561	 1.07592817354	0.000729793939845	 1.06177297445	 1.09997752757
2.27859	 1.07046317734	0.000183536642498	 1.06129533315	 1.08045448983
2.28156	 1.07039253486	8.42140147291e-05	 1.06408210582	 1.07706008831
2.28453	 1.07025640886	0.00023824986532	 1.06283609197	 1.08466496575
 2.2875	 1.06535534417	0.00029438584877	 1.05669787969	 1.08096249792
2.29046	 1.01984772575	0.000145108900667	 1.01261719259	 1.02965297263
2.29341	 0.93829572764	4.44112698607e-06	0.937257980633	0.940238291686
2.29636	0.884051994748	0.000539452740628	0.872286924891	0.905133621548
 2.2993	0.875344290157	0.000345545394065	0.865686909357	0.891975515029
2.30224	0.899240764669	0.000394067938914	  0.8855426179	0.913616375715
2.30517	0.907263479517	0.000262822241377	0.895553033189	0.918479971117
 2.3081	0.922938798134	0.000234459907686	0.906079693546	0.927734250003
2.31103	0.916057593402	4.56178474405e-05	0.911570607997	0.921122345791
2.31394	0.908292940482	4.14475407444e-05	0.904288953739	0.913393627346
2.31686	 0.89648161824	0.000330069385589	0.887415615378	0.913108781224
2.31976	0.866693297911	8.29171170028e-05	0.860521641412	0.873399305564
2.32267	0.828233004266	2.33490982603e-05	 0.82417172015	 0.83100532802
2.32556	0.796808276533	2.79993184074e-05	0.793189685038	0.800672908729
2.32846	0.802852966209	0.00023656212832	0.792338030976	0.814089450623
2.33134	 0.81309719163	8.46259864526e-05	0.806710924431	0.819720612086
2.33423	0.827602047843	0.000237618486919	0.815497891115	0.837297821708
 2.3371	0.822131724056	1.59930495398e-05	0.820326106496	0.825981731933
2.33998	0.825325524272	1.53067281768e-06	0.824432535313	0.826182205464
2.34284	0.830668258453	9.18614094987e-07	0.829832159633	0.831187603541
2.34571	0.835083284655	0.000184951693711	0.827063274193	0.846296146766
2.34856	0.821234668946	0.000197925819031	0.810506055149	0.830402075808
2.35142	 0.78780422015	3.78364652333e-05	0.783339938523	 0.79203895746
2.35427	0.759714136229	0.000148353277763	0.753466633416	0.770691805564
2.35711	0.752101179221	0.000166235717759	0.745142465401	0.763376264663
2.35995	0.763432643933	0.000189960905899	0.753099964712	0.772591547813
2.36279	0.767356697314	3.87443624042e-05	0.763356813396	0.772159581416
2.36562	0.776893636246	5.19570651916e-05	0.773442552836	0.783636380889
2.36844	0.781536959108	2.85330783815e-05	 0.77842752354	0.785981738043
2.37126	0.785935245548	7.3540793401e-05	0.778854689596	0.790982409365
2.37408	0.780474692634	3.70128394408e-05	0.776737681275	0.785341498967
 2.3769	0.778169415011	2.76302167999e-05	0.773506148681	0.780939884862
 2.3797	0.756744591388	7.33105746551e-06	0.754378766787	0.758207880906
2.38251	0.739843405215	1.29856100325e-05	 0.73709285774	0.742189054367
2.38531	0.730108783468	2.59582389193e-05	0.725491415238	0.732696724241
2.38811	 0.72035689681	3.88200484535e-05	0.717227076929	0.726038438737
 2.3909	 0.72623212674	5.89104163902e-05	0.721568160054	0.732422690572
2.39369	0.725998531272	4.70973101052e-05	0.720639890093	0.730345281389
2.39648	0.723373736447	4.30580352881e-06	0.721894307943	0.724828861922
2.39926	0.710747383653	nan	0.710747383653	0.710747383653
