1.40422	0.862264188333	0.00172404391612	0.779599625249	0.925011923493
1.40849	0.858461617702	0.000827277586626	0.807774533797	0.911007845424
1.41275	0.853363351605	0.00106553633515	0.798559362929	0.911878338661
1.41702	0.844781902312	0.00139583979104	0.789728284373	0.891889569907
1.42127	0.846696141417	0.000908041382605	 0.78282963528	0.893858319071
1.42553	0.835611364478	0.00110952047262	0.768861755381	0.888848753746
1.42978	0.821215361456	0.000826213836927	0.780881626237	0.875625388726
1.43403	  0.8251139127	0.000871378483094	0.776785138141	0.885136590681
1.43827	0.829040851814	0.000610994446857	0.791546292696	0.877699395654
1.44251	0.843399879488	0.000777693958963	0.803490444396	0.909058781584
1.44675	0.853518896698	0.000828932092336	0.812750774615	0.922050748139
1.45098	0.875112361066	0.000812021798941	0.833803637962	 0.94132315906
 1.4552	0.889631386869	0.000569241343859	0.853996738715	0.942363485478
1.45943	0.904427690015	0.000655455793294	0.869624990635	 0.96441998849
1.46364	 0.89601953937	0.000631293691211	0.865194814286	0.952949451744
1.46785	0.894372955736	0.00073943808575	0.864125580343	0.967029957766
1.47206	0.896616484001	0.000464547231606	 0.86886943232	0.948129294824
1.47626	0.895697804387	0.000405497252116	0.875230694127	0.952677996573
1.48046	 0.90859531576	0.000393524232754	0.883372425692	0.955331405926
1.48465	0.919001824983	0.000503939366411	0.881056958519	0.973696831529
1.48884	0.936847077397	0.000744014016825	0.880041097708	0.986615028494
1.49302	0.952378842225	0.00064442765856	 0.91188461867	 1.00542131953
 1.4972	0.970871022302	0.000492370785576	0.936139648831	 1.01311401955
1.50137	0.988340884886	0.000614636397941	0.958082542655	 1.05496179771
1.50554	  1.0065428171	0.000473994897667	0.975258290069	 1.05012575103
 1.5097	 1.02277118766	0.000648574820542	0.987533917905	 1.08442697876
1.51386	 1.03155702702	0.000580305200576	0.992486541718	 1.07730304772
1.51801	 1.05369902149	0.000492233047856	 1.01928242515	 1.10534999179
1.52215	 1.07561524262	0.000558128851262	 1.04388959874	 1.12752086486
1.52629	 1.09077963496	0.000368998993547	 1.05952695986	 1.13535385397
1.53042	 1.10563230786	0.000466930599768	 1.07214309823	 1.14417430432
1.53455	 1.12088142765	0.000482015677125	  1.0823418608	 1.17230957857
1.53867	  1.1355876732	0.000429273012112	 1.09696466067	 1.17207213837
1.54279	  1.1487997105	0.00044563320055	 1.12144662748	 1.20717329186
 1.5469	 1.16561277955	0.000449136685462	 1.13634407662	 1.21318941031
  1.551	 1.18568242282	0.00036473357919	 1.15889934249	 1.23452869891
 1.5551	 1.19583004657	0.000474662951316	 1.16197546337	  1.2252665977
1.55919	 1.20481136588	0.000352853061903	 1.17495277612	 1.23828194578
1.56327	 1.20976629331	0.000333949803704	 1.18266984804	 1.24498162616
1.56735	 1.21487743081	0.000253366719787	 1.18922689063	 1.23571710826
1.57143	 1.22798876921	0.000348434521872	 1.19409928186	 1.26240470241
 1.5755	 1.23237991772	0.000235116396641	 1.20196650439	 1.25928386387
1.57956	 1.21624083486	0.000362588132115	 1.17911484622	 1.25030113043
1.58361	  1.1940295048	0.000552412938438	 1.15802837402	 1.23856957406
1.58766	 1.18187945601	0.000687831265667	 1.13350726207	 1.22008218719
 1.5917	 1.18902452411	0.000504729501968	 1.15781941921	 1.22563372742
1.59574	  1.2106344103	0.000261268411578	 1.18174394365	 1.23213678104
1.59977	 1.22380522163	0.000429369197073	 1.19029174984	 1.26352455795
1.60379	 1.22275548093	0.000315985391206	 1.18055700495	 1.24583116254
1.60781	 1.20455346149	0.00047660379379	 1.15266667333	 1.23316416517
1.61182	 1.19335096424	0.000409680244903	 1.15544400368	 1.22571145511
1.61582	 1.19555009808	0.000410993549623	 1.15308814808	 1.22543144756
1.61982	 1.19807053624	0.000358694807551	 1.15907130974	 1.22977608146
1.62381	 1.18975268603	0.00039788665343	 1.15526489617	 1.21782027537
1.62779	 1.18836624627	0.000305558340451	 1.15729523185	 1.21773853715
1.63177	 1.19176044623	0.00033026471091	 1.16222190622	 1.22004203708
1.63574	 1.21273691655	0.000262187332638	 1.18160785216	 1.22927439311
1.63971	 1.22699706486	0.000399504087872	 1.19041895048	  1.2550574108
1.64367	 1.24786173463	0.000363196180776	 1.20213843205	  1.2811866351
1.64762	 1.26508611449	0.000168622220299	 1.24042569086	 1.29371300258
1.65156	  1.2752371938	0.000293968424309	 1.23320240715	  1.3012966755
 1.6555	 1.27364116323	0.000287232081605	 1.23058558712	 1.30124383523
1.65943	 1.27143252088	0.000322990910377	 1.23004644665	 1.29635909974
1.66336	  1.2698777682	0.000339462405364	 1.23002862141	 1.29970918959
1.66728	  1.2706768164	0.000433431628183	 1.21887746907	 1.29851966073
1.67119	 1.26334836247	0.000436937014311	 1.22931014263	 1.29889548566
 1.6751	 1.26906400896	0.00020201049621	 1.23527056473	 1.29193440388
  1.679	 1.27799918104	0.000176981597617	 1.24876473109	 1.29934261467
1.68289	 1.28549439082	0.000286713766515	 1.24604685882	  1.3094745187
1.68677	 1.28550265305	0.000308737446218	 1.25714063284	 1.33001353318
1.69065	 1.27425287462	0.000598618287314	 1.22302194373	  1.3302306688
1.69453	 1.27127226013	0.000519950099385	 1.23030184272	 1.31236337925
1.69839	 1.26880912778	0.000387757808919	 1.23207105118	 1.30775048847
1.70225	 1.26625264986	0.000365455739703	 1.23108911276	 1.29661069351
1.70611	 1.26266373284	0.000190521922294	 1.23305727035	 1.28104656512
1.70995	 1.24019845042	0.000335235666025	 1.21749702161	 1.26909169976
1.71379	  1.2156735268	0.000168463867865	 1.18878942298	 1.23216311059
1.71763	 1.18823849738	0.000250946752858	 1.16446672079	 1.21952773395
1.72146	 1.16248953483	0.000321816424039	  1.1429173632	 1.19638195034
1.72528	 1.14120982776	0.000283390807457	 1.12315268346	 1.17565971589
1.72909	  1.1256137865	0.000123033699885	 1.11260601449	 1.15044512442
 1.7329	  1.1034138616	9.71989963192e-05	 1.09167041083	 1.13116785732
 1.7367	 1.08200180021	0.000124799231177	 1.06164552301	 1.10076133189
 1.7405	 1.06164043257	0.000116309250031	 1.04095367428	 1.08321045548
1.74428	 1.04323961548	0.000149241916377	 1.02668634184	  1.0700986872
1.74807	 1.01982392364	0.000138733607048	0.999603433724	 1.03823757286
1.75184	0.995506789147	7.8831920329e-05	0.976653635673	 1.00956878128
1.75561	0.970031654708	0.000177915796239	0.947400435223	0.989075432047
1.75938	 0.95238412038	0.000246182328253	0.923662611116	0.974137766601
1.76313	0.934597618146	0.000330798962666	0.899659516415	0.960527467388
1.76688	0.913443357101	0.000165832392396	0.883477683777	0.931464885472
1.77063	0.888454672749	0.000260731840096	0.857938714367	0.919796210398
1.77437	0.869090951892	0.000479135007287	0.808329000585	0.898926556768
 1.7781	0.853548234993	0.000276725663243	0.824103848651	0.887008616665
1.78183	 0.83663823956	0.000244584658193	0.807022691229	0.870252960123
1.78555	0.817505665889	0.000372960772425	0.777201642724	 0.83926506636
1.78926	0.807815849198	0.000418974520889	0.761970788658	0.834604849221
1.79297	0.801345839308	0.00047576989933	0.759528944352	0.832534339314
1.79667	0.792365826038	0.000241439474398	0.772813854674	0.821032721783
1.80036	0.784534925566	0.000492258629764	0.751605808375	0.835130380332
1.80405	0.771627582119	0.000606823734704	0.734020767426	0.823289941758
1.80774	0.759778633539	0.000548770283337	 0.72936315508	0.796197655469
1.81141	0.766375280746	0.000492828017274	0.735864955145	 0.80864470847
1.81509	0.763953459065	0.000723113717792	0.725324186697	 0.81654239181
1.81875	0.767308103255	0.000800767070353	0.735982175155	0.828193757178
1.82241	0.758668024179	0.000858195612788	0.728055853625	0.812115973574
1.82606	0.753064127665	0.000828369335671	0.698445738638	0.796323760938
1.82971	0.750692923653	0.00160408414572	0.646065835363	0.796704459934
1.83335	0.724383153565	0.00279127566593	0.570716027753	0.772372107165
1.83699	0.700582298348	0.00428374965397	 0.55196465641	0.765849695091
1.84062	0.693241365469	0.00388279554223	0.518203266151	0.756301207976
1.84424	 0.68277815131	0.00394827473738	0.500448621413	0.749038183421
1.84786	0.678179144659	0.00305610765864	0.534680927269	0.750287060253
1.85148	0.662695588349	0.00159472569881	0.577810268504	0.722615239938
1.85508	0.643192593653	0.00120298631547	0.581795811392	  0.7055756423
1.85869	0.630074495269	0.00120932669372	0.577157575994	0.707124336181
1.86228	0.624887706066	0.00191686916436	0.511598698394	0.686929844538
1.86587	0.638991859187	0.00104683472462	0.564927563121	0.690943572063
1.86946	0.639945667249	0.00135318964779	0.548871342211	0.684769509041
1.87304	0.629920218689	0.00467247509258	0.503263403888	0.687497626398
1.87661	0.653897033016	 0.0040937733498	0.525076952734	0.738980904327
1.88018	0.663495021648	0.00262169124814	0.539776009566	0.758860065647
1.88374	0.679757727203	0.00161198505597	0.595527071065	0.753241422988
 1.8873	0.679032781889	0.00133114059522	0.620625208815	0.746910497342
1.89086	0.686407334152	0.00121253139678	 0.62666028877	0.748825793711
 1.8944	0.677898297791	0.00130916266916	0.601570114763	0.734850396154
1.89794	0.697765984537	0.000559683585059	0.677666440615	0.741797797223
