0.802786	0.203740487358	0.000489822195066	0.183259367015	0.244706231514
0.805593	0.223644568753	 0.00028383695667	0.211428444477	0.253263614705
 0.80842	0.241531539663	0.000498201220603	0.216909636053	0.288096803629
0.811266	0.268354140412	0.000264742273311	 0.25085452098	0.301573188147
0.814132	0.271452891995	0.000194000967234	0.257193492485	0.297366214209
0.817017	0.291908852223	0.000551998122486	0.272919701604	0.347829261759
0.819922	0.305976574837	0.000365514558012	0.281035791227	0.333983714768
0.822847	0.311592511754	0.000751419861741	0.265553502482	0.354601182518
0.825791	0.328293017005	0.000418605023049	0.309002914162	 0.36763488241
0.828755	0.332397114181	0.000253855043215	0.320729325356	0.366663048855
0.831739	  0.3434759949	0.000339514047006	0.320333413096	0.374550044473
0.834742	0.335803730704	0.000468142472618	0.305198654564	0.376666051979
0.837766	0.344498207788	0.000397342124652	0.322925189829	0.378067287425
0.840809	0.340669125906	 0.00049913726444	 0.31677694459	 0.38722309662
0.843871	0.323696699872	0.000549249539971	0.296196055952	0.365044734535
0.846953	0.314493349442	0.000683781838258	0.292570957105	0.359756272612
0.850055	0.307308899956	0.000763241693204	0.282433781881	0.352598127241
0.853177	0.314071500286	0.000386932842792	0.300191642838	 0.34998221129
0.856318	0.312086900633	0.000218602137357	0.299512762316	0.337391826617
0.859478	0.299777893887	0.000286265694142	 0.28177483808	0.324183234297
0.862658	0.285249723065	0.000294755734437	 0.26631782419	0.317965242465
0.865857	0.272341105256	 0.00072957389252	0.250671200312	0.333120356308
0.869076	0.257779974501	  0.0010186510108	  0.2311070956	0.328772197158
0.872313	0.263174513477	0.000847212433789	0.248259650312	0.332157203091
 0.87557	0.282816528063	 0.00046165627493	0.253703084988	0.312093088561
0.878846	0.300901320272	0.000347120680777	 0.27581832195	0.323396790126
0.882141	0.330671418253	0.000266471759602	0.313158084321	0.362543595219
0.885455	 0.34568224479	0.000377151966774	0.331480762428	0.380108937091
0.888788	0.353132750804	0.000144051878611	0.339907451211	0.371010576752
0.892139	0.362065063333	0.000180216802792	0.348995951219	0.379057089273
0.895509	0.394211458072	0.000697673247574	0.337490705197	0.412739938582
0.898898	0.415892750441	0.000315825399145	0.386395433812	0.437701342422
0.902304	0.441183768142	0.000393537811012	 0.42370236365	0.474971657644
0.905729	0.469662168935	0.000736503282126	0.437676773843	0.504095571515
0.909172	0.503174864046	0.000496289568357	0.478229114649	0.529931056236
0.912633	0.546623651551	0.000626883532562	0.522820212882	0.591772657677
0.916112	0.577511292425	0.000862823729808	0.544960270157	0.638830748876
0.919609	 0.59636236153	0.000192853514376	0.586758597568	0.627192400207
0.923123	0.607230277023	0.000896315249217	0.580232827577	0.658499329527
0.926654	0.600631173737	 0.00120445439478	0.553182528857	0.650394505506
0.930203	0.600438416325	0.000584453637961	0.560558359485	0.629060451116
0.933769	0.624780406711	  0.0011865739905	0.582862520079	 0.67327795611
0.937352	 0.64563833479	 0.00182784666482	0.577087211161	0.712811933835
0.940952	0.673058302865	 0.00167131897617	0.611406304346	0.740719750858
0.944568	0.715489610952	 0.00096646494556	0.664879648081	0.758872348567
0.948201	 0.75522493487	0.000959632536485	0.696095568773	 0.79442810154
 0.95185	0.779297191611	0.000992862829885	0.737753025455	0.827432003124
0.955516	0.770689619705	 0.00108155418488	0.734537511774	0.835756523083
0.959197	0.767075090993	 0.00153848452824	0.716124863975	0.836996246049
0.962894	0.767388374296	0.000455920379239	  0.7311981333	0.790877075538
0.966607	0.787344785798	0.000889844522479	0.730837246223	0.826977631429
0.970335	0.822616252744	0.000954460214739	 0.76977903481	0.866835951539
0.974078	0.854603270542	 0.00129699110452	0.791695883094	 0.90634584369
0.977837	0.876002741516	0.000620829833628	0.845176641322	0.908838942023
 0.98161	0.884263249063	 0.00179837777312	0.814258018825	0.934725596664
0.985399	0.813783713492	 0.00123121939818	0.764046332242	0.869552054322
0.989201	0.714622817856	0.000567786253974	0.687659865012	0.753836157804
0.993018	0.630352571157	0.000602734555676	0.603611715225	0.663886679053
 0.99685	0.593948290782	0.000242667173563	0.574402195502	 0.62459917719
 1.00069	 0.61942562785	0.000130167361286	0.601297930209	 0.63400047527
 1.00455	0.660876703876	0.000177502952132	0.642335099167	0.676155566694
 1.00843	0.711150178579	0.000375078968865	0.688314510567	0.745593209252
 1.01231	0.750158332894	0.000586681027568	0.728682317505	0.796374305104
 1.01621	0.767864652241	0.000742528748635	0.743684724724	0.821599755004
 1.02012	0.763196912795	0.000336446314934	0.740132696283	0.793327659368
 1.02405	0.760103248161	0.000325546600336	0.738692809698	0.785769749676
 1.02799	0.779044980188	0.000210878828504	0.756339028839	   0.798880648
 1.03193	0.814695531584	0.000103872043688	0.795667145412	0.827359258137
  1.0359	0.869456915908	0.000473435139134	 0.85240417357	0.900802203211
 1.03987	0.908361860435	0.000412880566445	0.873933671413	0.929612433935
 1.04386	0.930398215588	0.000256629400477	0.906491680024	0.950008123559
 1.04785	0.936905424154	0.000119897231111	0.921387181053	 0.95126798399
 1.05186	0.928169563727	0.000459547995422	0.885692124712	0.954650602685
 1.05588	0.906174899985	0.000350589109901	0.871762379373	0.926448539886
 1.05991	0.910731883241	0.000370990169409	0.876504906354	 0.93903519007
 1.06395	0.942698956959	0.000289657053018	0.915332074314	0.965136372573
   1.068	0.991676408787	0.000490311024487	0.950739744773	 1.01526005603
 1.07207	 1.03699442595	0.000334234330226	 1.00862549176	 1.05736659159
 1.07614	 1.07942142813	0.000558514043303	 1.03284961646	 1.10847434223
 1.08022	 1.11891793891	0.000342893423503	 1.07898525678	 1.13678064386
 1.08431	  1.1695537401	0.000194625652236	 1.14412309709	 1.18382927463
 1.08841	 1.21774303682	8.41393034379e-05	  1.2042924653	 1.23254206863
 1.09252	 1.24436333647	0.000120065909221	 1.22564530108	 1.26027995415
 1.09664	 1.24947708659	0.000443271711795	 1.21820917249	 1.28056814183
 1.10077	 1.24180561771	 0.00024697400485	 1.21158679047	 1.25818534942
 1.10491	 1.22910889034	0.000127135583939	 1.20481260271	 1.24056525222
 1.10905	 1.22414092331	2.92670705259e-05	 1.21608184726	 1.23270872776
  1.1132	 1.23456033916	  0.0001043608524	 1.21654150738	 1.24407777246
 1.11736	  1.2558008418	0.000107150434191	 1.23839540502	 1.26679238316
 1.12153	 1.27133678603	0.000407648822904	 1.24269731372	 1.29610456457
 1.12571	  1.2814468294	0.000848354703251	 1.23647230857	 1.31301574253
 1.12989	 1.24492032952	 0.00105935444561	 1.19161105484	 1.28224419838
 1.13408	 1.19060704949	0.000912286469351	  1.1390302109	 1.22146820163
 1.13828	 1.16359618702	 0.00101697897753	 1.11357259681	 1.21260096834
 1.14249	  1.2096589063	0.000606168627001	 1.18240542982	   1.245435872
  1.1467	 1.28692354408	0.000778941878155	 1.24708927132	 1.33680788026
 1.15091	 1.34237744758	 0.00085386140679	 1.31038588396	 1.38700172666
 1.15514	 1.35899478138	0.000470111660673	 1.33427232039	 1.39843604048
 1.15937	 1.33517270372	0.000436277861157	 1.30482061115	 1.36757238525
  1.1636	 1.28268349869	0.000489012130048	 1.24925926178	 1.30834810127
 1.16784	 1.23204940687	0.000442216315573	 1.20149787422	    1.25147561
 1.17209	 1.17816726948	0.000558609757797	 1.14312912744	 1.20149377377
 1.17634	 1.17384118561	0.000450714085572	 1.13504468325	 1.19478815219
  1.1806	 1.19900998772	   0.000291321315	 1.17915000584	  1.2244393705
 1.18486	 1.23156135681	0.000523280057505	 1.17970723189	 1.25510771274
 1.18912	 1.22249194251	0.000540757329175	 1.17274247466	 1.24440000409
 1.19339	 1.15845824511	0.000490401928409	 1.12571950626	 1.18354388912
 1.19766	 1.11951962814	0.000881359521841	 1.07658478208	 1.16245148054
 1.20194	 1.11982917726	0.000818690731158	 1.07991683303	 1.15730406028
 1.20622	 1.15445622182	  0.0004680637932	 1.12124468656	 1.18730940812
 1.21051	 1.21415549214	0.000371897211998	 1.18891453693	 1.24528361733
  1.2148	 1.25771717856	0.000627009079325	 1.21875228907	 1.29334661425
 1.21909	 1.31002849884	0.000606566493559	 1.27799042873	 1.34744620709
 1.22338	 1.35341643495	 0.00162013325299	 1.29810229244	 1.41623573931
 1.22768	 1.36794310835	 0.00153830120293	 1.31583681304	 1.42176540327
 1.23198	   1.337505352	 0.00112402599856	 1.29080714425	 1.37541267911
 1.23628	 1.27004628339	 0.00165081248262	   1.197373883	 1.31387989141
 1.24058	 1.22650883094	 0.00199873394441	 1.16320323509	 1.29542824057
 1.24489	 1.20518885259	 0.00171188498969	 1.14883074277	 1.25863883364
  1.2492	 1.23392815316	 0.00156476713939	 1.17370185956	 1.28999699005
 1.25351	 1.30327735342	 0.00156979443173	 1.24967718797	 1.36398019902
 1.25782	 1.36421158778	  0.0022189591588	 1.29995069955	 1.43725127796
 1.26213	 1.43565955034	 0.00166803479873	 1.37739456603	 1.49977872533
 1.26645	 1.48117384954	 0.00221874578956	 1.39240208601	 1.53474729099
 1.27076	 1.49798243759	 0.00198162602065	 1.42763294792	 1.55651662701
 1.27508	 1.51229114439	 0.00231159978483	 1.43859095162	 1.58067128438
  1.2794	 1.50947914104	 0.00274859444352	  1.4232153896	 1.56963515193
 1.28371	 1.48235870224	 0.00307207885221	 1.38767152217	 1.55097133633
 1.28803	 1.48419787647	  0.0022930206066	 1.40718782056	 1.55990350827
 1.29235	 1.48871081088	 0.00216592416954	 1.41298550724	 1.56038986958
 1.29667	 1.48740389899	 0.00270193378346	 1.41563088987	 1.57111619758
 1.30099	 1.47945610779	 0.00361072561836	 1.39822530026	  1.5743708071
  1.3053	 1.48461860203	  0.0036169121934	 1.39820691572	 1.57988695045
 1.30962	 1.49575020719	 0.00401304826985	 1.40538613594	 1.59898593853
 1.31394	 1.50864521084	 0.00386187999122	  1.4130013156	 1.60663302983
 1.31825	 1.51075491599	 0.00456656741297	 1.42198573341	  1.6357199891
 1.32257	 1.48255504204	 0.00365777643022	 1.40764497491	 1.58677573027
 1.32688	  1.3840335528	 0.00361493475632	 1.30184067678	 1.47522585731
  1.3312	 1.24328946594	  0.0028268705628	 1.16724432024	 1.33004869855
 1.33551	 1.10680492434	 0.00253589950918	 1.04036806402	 1.20107025989
 1.33982	 1.00080617094	 0.00264553261372	 0.93463361543	 1.10344271267
 1.34413	 0.94698223977	  0.0043796348773	 0.89106940594	 1.08153766856
 1.34844	0.919402196535	 0.00547906337815	0.857394254421	 1.05751532815
 1.35274	0.894128267515	 0.00759918785847	0.826278072864	 1.07175978718
 1.35704	0.880325704466	 0.00836504878824	0.810844638033	 1.08070311069
 1.36135	0.868623394228	   0.008633932903	0.819176791372	 1.03921619583
 1.36564	0.875210473211	  0.0102963438988	0.756070981695	 1.05662975333
 1.36994	0.881175109624	  0.0108991344334	0.759277118691	  1.0746873363
 1.37424	0.875982854588	  0.0117185162576	 0.71418533705	 1.02631869259
 1.37853	0.894931753953	 0.00970027501262	0.793445517519	 1.04636775036
 1.38282	0.927897775855	 0.00868303069232	0.845393199584	 1.08868477466
  1.3871	0.935699363135	 0.00989450098505	0.842849985792	 1.09732468558
 1.39139	0.929503115887	 0.00517961592467	0.850159302959	 1.04591185655
 1.39567	0.888266433218	 0.00532687060747	0.792556333193	0.995653697826
 1.39994	0.763737107817	              nan	0.763737107817	0.763737107817
