1.90148	1.03135707785	0.00112901301606	0.978924907663	1.06766753429
1.90501	1.04268622565	0.00164827264971	0.964529317872	1.09844433605
1.90854	1.05627363452	0.00228300818139	0.934070037819	 1.1371410148
1.91206	1.07601146386	0.00250857418138	 0.97903799951	1.18581525766
1.91557	1.06336882186	0.00394973496233	0.922697786279	1.17796981708
1.91908	1.07068197059	0.00168330504337	0.999062525563	1.15536783315
1.92259	1.07149346602	0.00108946542839	 1.03098633636	1.13679513289
1.92609	1.03913681271	0.00129162802256	0.981739656877	1.09335315531
1.92959	1.01927061887	0.00175666907861	0.952846156418	 1.0832458257
1.93308	1.00577979141	0.00114875429623	0.930994705218	1.05613097604
1.93656	0.989964163259	0.00118779020399	0.933487746551	 1.0296022382
1.94004	0.972511019646	0.000773316499411	0.913124437548	1.01209802501
1.94352	0.943642081919	0.000289401707908	 0.90521710496	0.974818131975
1.94699	0.937639219372	0.000325370208491	0.908161303445	0.971028172667
1.95045	0.925596732141	0.000313585614269	0.894021787068	0.953190406157
1.95391	0.932938600832	0.000269366529419	 0.90738762464	0.964809299439
1.95737	0.944839486382	0.000763440778825	 0.90383271699	 1.0045994976
1.96082	0.948687527379	0.000299454368025	0.922011779444	0.969216122728
1.96426	0.952852393423	0.000385723203887	0.903918175445	0.978651768472
 1.9677	0.952972718986	 0.0005424025475	0.901171901179	0.976216348131
1.97114	0.93053524992	0.000307855742699	0.894410702782	0.95469306045
1.97457	 0.8955185638	0.000491430166657	0.867111057653	0.939431795201
1.97799	0.86765902404	0.000166614957861	0.851407469182	0.890604972784
1.98142	0.866097294767	0.000209921059642	0.846397709367	0.885150847855
1.98483	0.870501106762	0.00019691495514	0.853246396445	0.894345057187
1.98824	0.88628830286	0.000398100385836	0.855246784199	0.911819425386
1.99165	0.898164760512	0.00056333351814	0.856638634402	0.93376177738
1.99505	0.907820897577	0.000762914380983	0.848340569783	0.935894719759
1.99845	0.905889199475	0.00106396956643	0.832570803262	0.95347185633
2.00184	0.886153236485	0.000579042058382	0.837266477449	0.940451485716
2.00523	0.880807991437	0.00137201259443	 0.79695231029	0.936368301787
2.00862	0.884482662346	0.000372241857733	0.838141038559	0.911147009681
  2.012	0.894807079272	0.000323847342516	0.856262057353	0.928736084136
2.01537	0.897993465474	0.00027926912467	0.866835181716	0.92761623308
2.01874	0.920063260753	0.000269951600817	0.887112337709	0.947103878009
2.02211	0.930858889094	0.000170049752637	0.907476642899	0.948348393461
2.02547	 0.9313584674	0.000133385641503	0.916660552127	0.951409172193
2.02882	0.93931001038	0.000148218447232	0.919593931638	0.959306096737
2.03217	0.945646406095	0.000210792317904	0.926735023654	0.973898538871
2.03552	0.953663636735	0.000218906318936	0.936202872741	0.983078841392
2.03886	0.958551911661	0.000174295559013	 0.94125901497	0.979366204993
 2.0422	0.95997955989	0.000192945225611	0.940470736692	0.977074906691
2.04554	0.965319734948	0.000212788137349	0.936100566963	0.981059523716
2.04886	0.970348395785	0.000171490661849	0.947735539705	0.991916656833
2.05219	0.973516254234	7.93151638995e-05	0.954026113875	0.984282553159
2.05551	0.987981377417	0.00010570878573	0.967893353767	1.00688874642
2.05882	0.995890504857	0.000118123155461	0.974119565893	1.02133490444
2.06213	1.00292248143	0.000241110099851	0.966578012316	 1.0274780088
2.06544	1.00529385081	0.000141009743522	0.986299129155	1.02825538848
2.06874	1.01215599065	0.000103622323842	 1.00205715078	 1.0367216787
2.07204	1.02044125378	0.000212074601316	 0.99152458158	1.05062839376
2.07533	1.02809717873	0.000190622807307	 1.00504182196	1.05471237041
2.07862	1.03597857653	9.69073606779e-05	 1.02120072094	 1.0521040621
 2.0819	1.04146575595	0.000143251002653	 1.02048087571	 1.0633862835
2.08518	1.04920141759	0.000199017724345	 1.02547811627	1.07869044478
2.08846	1.06416294169	0.000113662800103	 1.04561580458	1.08079915007
2.09173	1.07006466797	0.000263464816834	 1.03729149515	1.09845039001
2.09499	 1.0798093309	0.000235967943401	 1.06335230132	1.11444196181
2.09825	1.08088340571	0.000165815878507	 1.06292117599	1.10441259469
2.10151	1.08944940131	0.000112801478268	 1.07269743582	1.10988545403
2.10476	  1.097820118	0.000134976671119	 1.07974358786	1.12151761691
2.10801	1.10736100435	0.000215692750087	 1.08461196949	1.13048708021
2.11125	1.11507251365	0.000216230274594	 1.08907166372	1.14203926378
2.11449	 1.1156042111	0.000240084068609	 1.09231879796	1.14511213714
2.11772	1.12317225995	0.000164467058126	 1.09806967814	1.14626763184
2.12095	1.13265584136	0.000134059197062	 1.10357116216	1.15095357322
2.12418	1.13714362692	0.00015517622697	 1.11183530895	 1.1563958822
 2.1274	1.13460872611	6.41090033726e-05	  1.1162495666	1.14776280131
2.13061	1.13861994094	9.84447495605e-05	 1.11867653016	1.15069130944
2.13382	1.14860154591	9.24325111795e-05	 1.12868583714	1.16223977364
2.13703	1.15505893706	5.59124786514e-05	  1.1426930644	1.16545072895
2.14023	1.15451397189	9.42633919821e-05	 1.14258979848	1.17130734197
2.14343	1.15990725711	0.000101427974962	 1.14780924017	1.18128745073
2.14662	1.16467901269	0.000124744012347	 1.14064174302	1.18437806538
2.14981	1.16727694461	0.000148813966107	 1.13879087711	1.18853597208
2.15299	1.16313673721	0.00017191093496	 1.14406700177	1.18237070511
2.15617	1.15853912562	0.000132841000021	 1.14358583677	 1.1812166603
2.15934	1.15893625617	0.000117285279019	 1.13965330409	  1.172537963
2.16251	1.17125867239	0.000141462363982	 1.15005032554	1.18680082526
2.16568	1.17801439092	0.00018833570047	 1.15019051201	1.20351511836
2.16883	1.17959683419	0.00014970538068	 1.15808430684	1.20325697257
2.17199	1.17148284462	0.000169872458278	 1.14631750459	1.19271390728
2.17514	1.16296868281	0.000141415427917	 1.13944093245	1.18405578027
2.17828	 1.1638993564	0.000109148984883	  1.1473491995	1.18271022805
2.18142	1.16371637985	0.000113275564264	 1.13831821999	1.18133964087
2.18456	 1.1666349874	7.01691175249e-05	 1.15768664713	1.18606578732
2.18769	1.16350739761	8.79012475651e-05	 1.15002856838	 1.1818507231
2.19081	1.15783442527	7.90589859229e-05	 1.14571256037	1.17192012834
2.19394	 1.1610509403	0.000245568887096	 1.13316574948	1.18612080202
2.19705	1.16326282016	0.000131804360307	 1.14128937631	1.18241224766
2.20016	1.15777749788	5.92830656462e-05	 1.14402173495	1.17180366213
2.20327	1.14286244751	4.58941913373e-05	 1.12776141827	1.15350282845
2.20637	1.13674432451	8.47589570281e-05	 1.11802367997	1.14832940632
2.20947	1.13942710955	0.000101121760877	 1.12577334712	1.16068898485
2.21256	1.14770348011	0.000119411655926	 1.12590855215	1.16848897834
2.21564	1.14761411345	7.21847074334e-05	 1.13452497875	1.16156942132
2.21872	1.14243053178	0.000107982438735	 1.12383997298	1.16018630235
 2.2218	1.14272817975	0.000158307753809	 1.12437725329	1.17541015159
2.22487	 1.1432525257	0.000163744469296	 1.11130069295	1.17051690863
2.22794	1.14398018515	8.05513783189e-05	 1.12508265838	1.16084581537
  2.231	1.13194818679	9.07220769689e-05	 1.11770951372	 1.1540967744
2.23405	1.12296502685	0.000153691567893	 1.11092001357	1.15968580751
 2.2371	 1.1201286413	0.000175976580892	 1.09999290234	1.15332977149
2.24015	1.12214453022	0.000208937675771	 1.09701346189	1.15724218261
2.24319	1.11901519772	0.000172823996309	 1.10404790833	1.15484914603
2.24623	 1.1199323817	0.00014019753725	 1.10566796058	1.15107668748
2.24926	1.11550928514	0.000186721197352	 1.09639243442	1.14593775038
2.25228	1.11440145325	0.000245821372785	  1.0948382345	1.15870149109
 2.2553	1.11165894895	0.00020633680517	 1.08448108906	1.14546656848
2.25832	1.10723339076	0.000115698038447	 1.09289609132	1.13141091394
2.26133	1.10026565002	0.000252564100291	 1.07404038794	1.12753594961
2.26433	1.08928622493	0.000188422005405	 1.07146529398	1.11629279521
2.26733	1.07942571454	0.00016529123112	  1.0587034891	1.10758624105
2.27033	1.07677865248	0.00014275736103	 1.05161788827	1.10397038186
2.27331	 1.0745398076	0.000166461995697	 1.05479764982	1.10171712159
 2.2763	1.07203011174	0.000218947510011	 1.04650044345	1.10120285974
2.27928	1.06595373268	0.000258520644299	 1.04116791244	1.09896573702
2.28225	1.06528802968	0.000201766942346	 1.03946928498	1.09828290323
2.28522	1.06866312305	0.000289686463909	 1.04550934307	 1.1062484282
2.28818	1.05599613823	0.000152169838412	 1.03657390634	1.07772944588
2.29114	1.01040684825	0.000309752553544	0.985059898458	1.05179906459
2.29409	0.936023611654	0.000318541544538	0.911143085395	0.966138931273
2.29704	0.878630123524	0.000322872116361	0.854626957744	0.914233179304
2.29998	0.862338413825	0.000356976816081	0.838109856288	0.887439878278
2.30292	0.880182224941	0.000199432759147	0.858282315295	0.898001073572
2.30585	0.893426115582	0.000163117944133	 0.87669403244	0.912158369464
2.30878	0.899357005622	0.000124907736118	0.882228222496	0.920338145243
 2.3117	0.894364828602	0.000172363535559	0.865709442371	0.910962887655
2.31462	0.888044606914	0.000141850032376	 0.86658192026	0.902529421226
2.31753	0.885508327389	8.62702142201e-05	0.873505394406	0.901683832563
2.32043	0.85443381818	0.00016220225802	0.837597620461	0.874435522981
2.32334	0.819559025432	0.000259677020133	0.794435461492	0.84594615897
2.32623	0.800781881872	0.000220666390465	0.774622760663	0.828362605916
2.32912	0.799330971433	0.000248343530786	0.771651199746	0.820365864201
2.33201	0.81512725714	0.000123109309069	0.795467758052	0.830778546109
2.33489	0.819232363982	0.000148271999683	0.799960058754	0.842402596909
2.33777	0.822297961708	0.000209705012047	0.809314916095	0.85356627775
2.34064	0.823919116442	0.000265408340092	0.786993158161	0.854653018024
2.34351	0.825174029971	0.000104983774464	0.810270005293	0.843035655457
2.34637	0.829596060951	0.000125436292168	0.814311926321	0.853692055668
2.34922	0.820360054691	0.000134319195559	0.802972739291	0.845379890035
2.35208	0.795790061195	0.000286506240692	0.773312700811	0.825005818932
2.35492	0.767460097393	0.000341311415225	0.745365239383	0.797260412759
2.35777	0.760115306029	0.000274463609068	0.727079991287	0.786196632089
2.36061	0.76781524917	0.000216487047264	0.744472098577	0.790193850012
2.36344	0.774848743509	0.000123688111653	0.746395557954	0.790074903765
2.36627	0.774403943556	0.000120093811944	0.757458731691	0.79072293473
 2.3691	0.773806297068	0.000173360222284	 0.75509567212	0.796727226535
2.37192	0.781411963145	0.000248999933301	0.749213283332	0.805222576408
2.37473	0.788938577765	0.000333022171563	0.759180476374	0.814209925929
2.37755	0.777911110441	0.000371515864254	0.754369612065	0.818190864619
2.38035	0.758456322229	0.000256440300914	0.739618960173	0.785488508171
2.38316	0.739482121353	0.000183973177419	0.714983385285	0.757332599468
2.38596	0.730880125565	0.000276915473538	0.702300354057	0.749199258519
2.38876	0.734006902156	0.000107951802814	0.716806442952	0.750650987116
2.39155	0.741889277667	0.000123699732094	0.723280355275	0.758762866192
2.39434	0.741875583722	0.000292228668684	0.719326919005	0.776112494137
2.39712	0.735899626062	0.000409497331135	0.707899083737	0.776015727106
 2.3999	0.712019584667	             nan	0.712019584667	0.712019584667
