1.40367	0.686808014509	0.00350032114515	0.650139404421	0.764687235246
1.40794	0.651712033143	0.00482440044794	0.605110591565	0.735633796722
1.41221	 0.64023710335	 0.0013976734496	0.622011726896	0.695587041051
1.41647	0.636366162925	0.00238010995843	0.607985202142	 0.69560829288
1.42073	0.628684078135	0.00298366872016	0.595549832416	0.701593755673
1.42499	0.635670403182	 0.0058984690148	 0.59258199041	0.740151755715
1.42924	0.647634689987	0.00363302066052	0.609977026232	0.718007540595
1.43349	0.642430007193	0.00381546826867	0.604214729195	0.712987705533
1.43773	0.647925699728	0.00339462500936	  0.6117683147	0.724980981491
1.44197	0.656252246388	 0.0026780890762	0.623637613028	0.722731307331
1.44621	0.668796067884	0.00178895372881	0.643991726372	0.724968768565
1.45044	0.687824942888	 0.0022972947247	0.657790509595	0.749451830009
1.45466	0.699377423044	0.00191522152155	0.678172946869	0.761296038562
1.45889	0.706836992403	0.00243526454319	0.677893545193	0.776356807434
 1.4631	0.721715606948	0.00364014038143	0.690803910577	0.810760607742
1.46732	0.701716737168	0.00393584811354	0.664125283899	0.777314997831
1.47153	0.715765706533	0.00283236275498	0.683814486816	0.789879746968
1.47573	 0.71116859829	0.00270176663535	 0.68036803968	0.784197511841
1.47993	0.728639757656	0.00134669643026	0.706566243787	0.779701632989
1.48412	0.737115677912	0.00117027170342	0.716772750843	0.785124864748
1.48831	0.739815848302	0.00239293976412	0.710066221988	0.806072808079
1.49249	0.752656321909	0.00182238233902	0.726427404847	0.804149447539
1.49667	0.780900109977	0.00173042530707	 0.75615289912	0.839313549513
1.50084	0.796516660313	0.00213087377084	0.770694451439	 0.86264602453
1.50501	0.813742458172	0.00226072617152	0.785953696821	0.877391007683
1.50917	 0.82996235894	0.00158737944027	0.806329519465	0.880091693351
1.51333	0.840132768977	0.00169872584127	0.815820393221	0.888533832091
1.51748	0.847541308981	0.00304639907598	0.817421141998	0.927791224135
1.52162	0.893408197931	0.00230091754073	0.872010969554	0.961676916895
1.52576	0.908549851838	0.00206604433182	0.878698788038	0.964584730638
 1.5299	0.904523115697	0.00228843136475	0.875536159882	0.967776601134
1.53402	0.922331569663	0.00126503236605	0.905497830485	0.973308035809
1.53815	 0.94635221663	0.000959858570596	0.928061757282	  0.9876148184
1.54226	0.960873216859	0.00170406401217	0.943690045889	 1.01880553897
1.54637	0.992378918981	0.00132231647886	0.969795077473	 1.04085908532
1.55048	 1.00088486411	0.00148093596004	0.980454156597	 1.05594223596
1.55458	 1.03513809574	0.00156557728436	 1.01489343768	 1.09143972052
1.55867	 1.03707897568	0.00243548980816	 1.01414576733	 1.10185766104
1.56275	 1.05118656154	0.00339456247745	 1.00648957124	 1.11893911937
1.56683	 1.06190196605	0.00244246350541	 1.04134540506	 1.12767783154
1.57091	 1.08627603482	0.00260008215211	 1.06440839442	 1.15668876796
1.57498	 1.11887617615	0.00079106266753	 1.10624539848	 1.15795403801
1.57904	 1.13560918435	0.000688382297784	 1.12451627707	  1.1714607365
1.58309	  1.1089145719	 0.0014937979587	 1.07920386526	 1.15387627013
1.58714	 1.13249546981	4.63141213407e-05	 1.12180693809	 1.13469004036
1.59119	 1.13860936344	1.59399037951e-06	 1.13670993546	 1.13893319915
1.59522	 1.19233423516	0.000324652106354	 1.18272354841	  1.2169446368
1.59925	  1.2154355388	0.000414259987832	 1.20950043133	 1.24631844617
1.60328	 1.22323691943	0.000135906356661	 1.20568085027	 1.22618924342
1.60729	 1.21693216093	1.39164601275e-05	 1.21549341855	 1.22275085994
 1.6113	  1.1933656614	5.90179841383e-05	 1.18687368746	 1.20221704321
1.61531	 1.20129735791	9.23601151638e-05	 1.18810263248	 1.20716757377
1.61931	 1.23770793679	0.000449572812496	 1.21000940282	 1.24827032036
 1.6233	 1.24433710795	0.000271461043335	 1.22119433965	 1.25407589146
1.62728	  1.2575564187	0.000220059003083	 1.23641135291	 1.26590653549
1.63126	 1.26723240695	0.000587110883728	 1.24629870584	 1.29472571367
1.63524	 1.30103470564	0.000978989802604	 1.26182210217	 1.32109984857
 1.6392	 1.30966537433	0.000747932260877	 1.27739097922	  1.3298164931
1.64316	 1.34353255805	0.00126732796936	 1.29388225003	  1.3650371063
1.64711	 1.35264215658	0.000721167035519	 1.31857719154	  1.3697328991
1.65106	 1.35979826816	0.00127369388507	 1.31175117284	 1.38216830372
  1.655	  1.3682247973	0.00154592845322	 1.31255540192	 1.39044602464
1.65893	 1.38393901792	0.00129846824193	 1.33409178823	 1.40613040652
1.66286	 1.38048380703	0.000691645848089	 1.34793431625	 1.39719839283
1.66678	 1.38941004257	0.000628011058697	 1.35365864549	 1.40298535394
1.67069	 1.40375759792	0.00190225151867	  1.3467484923	 1.43094399564
 1.6746	 1.43214634537	0.00158494226432	 1.37514848312	 1.45454927855
 1.6785	 1.43897091428	0.00228933943505	 1.37433384524	 1.45865757153
1.68239	 1.43944917951	0.00278464244021	 1.36567693885	 1.46993720627
1.68628	 1.43851011292	0.00264766675689	 1.37907708317	  1.4728020166
1.69016	 1.44451197198	0.00209844910326	 1.38024897343	 1.47186383704
1.69403	  1.4055514386	0.000468055163553	 1.37598968247	 1.41450299134
 1.6979	 1.40587286881	  0.001851046447	 1.35548868606	 1.43231251666
1.70176	 1.38958625612	 0.0012970953119	 1.34690986659	 1.41261224092
1.70562	 1.37871370583	0.00048104922745	 1.34902014669	 1.39237829907
1.70946	 1.36025189323	0.00166443220767	 1.30908245786	 1.38475844639
 1.7133	 1.31328003288	0.000520121471047	 1.28096416492	 1.32494212473
1.71714	 1.27448915166	8.4031151409e-05	 1.26569031149	 1.28400412767
1.72097	 1.25503575588	5.75384250919e-05	  1.2438428664	 1.25899928163
1.72479	 1.23318592791	0.000755354259854	 1.19081185976	 1.24378114307
 1.7286	 1.22114729886	8.97587707039e-05	 1.20906193113	 1.22723509637
1.73241	 1.21364938401	0.00111911100978	 1.17253482461	 1.23539353498
1.73622	 1.16926293508	0.000253131924961	  1.1508678788	 1.18162619042
1.74001	 1.16280014849	0.00169160068529	    1.11330094	 1.19137589627
 1.7438	 1.14520366273	0.00138237409947	 1.09404347281	 1.16167424794
1.74758	 1.11388403582	0.000118334619109	 1.10159779734	 1.12071861261
1.75136	 1.10221821575	0.000537575782371	 1.07165814473	 1.11234790136
1.75513	 1.07108232689	0.000279291057953	 1.04845066149	 1.07840441895
 1.7589	  1.0462484871	9.50596678577e-05	 1.04067868818	 1.05930973538
1.76265	 1.02339771043	8.62827386921e-05	 1.01299551576	 1.03116542299
1.76641	0.992140610462	0.000396245676626	0.961502558165	 1.00125783343
1.77015	0.973112234316	0.000873172614556	0.954981277203	 1.01241320753
1.77389	0.958772881435	0.000675981675109	0.941048006748	0.992125493039
1.77762	0.936465601465	7.03174912924e-07	0.935308926749	 0.93690263552
1.78135	0.921580376052	9.72640223481e-05	0.917413649331	0.936577024498
1.78507	0.902094539741	9.1328463971e-05	 0.88724656036	0.905492517253
1.78879	0.892914455653	0.000288672088458	0.866587693855	 0.90017182435
1.79249	0.889861328664	0.000374051613472	 0.86668509413	0.903629810531
 1.7962	0.879150622015	0.000183617054643	 0.87087480832	0.894753066627
1.79989	0.858813894167	6.36581398641e-05	0.855581644994	0.871276105688
1.80358	0.845663437907	0.000308212253156	0.823527440623	0.855965562999
1.80727	0.821534838476	0.000146520952733	0.815264051746	0.839279711474
1.81094	0.862649403129	0.000128314816194	0.845148817471	0.867752067944
1.81462	0.857269550253	0.000160587757733	 0.85197403096	0.877047546382
1.81828	0.848286733657	0.000109141411819	0.833500216524	0.853216601192
1.82194	0.842215546556	5.6164223385e-05	0.831005306542	 0.84401797197
 1.8256	0.867230995386	0.000286320688927	0.840918424288	 0.87407321773
1.82925	0.854204842242	3.26520196125e-05	0.847203189519	 0.85855737016
1.83289	0.860673220892	6.47152496615e-05	0.856245212571	0.871893011549
1.83653	0.834287357605	3.76223784472e-05	0.824837238521	0.836181782228
1.84016	0.826719077416	0.000541022621519	0.792588000352	0.839085733845
1.84378	0.796671745811	0.00260037585428	0.717363881062	0.810465979431
 1.8474	0.805695949923	0.00221288021421	0.795730007791	0.877700895639
1.85102	0.804070415887	9.21044735964e-05	0.793276967315	0.810098211626
1.85462	0.746991710848	0.00179539150496	0.680239431998	0.762935909055
1.85823	0.744452484811	0.000358185047902	0.719487392017	0.756779552055
1.86182	 0.74161022912	0.000602883604757	0.705633723323	 0.75469393301
1.86542	0.752886535694	0.00147059999843	0.693591597429	0.765713213477
  1.869	0.764701353594	0.00773609384028	0.653524600773	0.827424133392
1.87258	0.747441223795	0.00488229613671	0.652489002526	 0.78889847918
1.87616	0.771769861548	0.00351701710713	 0.70596913831	0.824568579482
1.87973	0.780828468816	0.00368224795693	0.694427390484	0.808682155236
1.88329	0.785585948878	0.00127104507081	0.731445881345	0.802378466783
1.88685	0.792285494148	0.000325265810035	0.767357351247	0.803105431737
 1.8904	0.795920397892	0.000268682297704	0.773379323592	0.805933579924
1.89395	 0.79337764581	0.000853317855007	0.781160618132	0.835169953137
1.89749	0.777091803921	0.00217554144013	0.706196268309	0.791382413527
