1.40411	0.668098418309	0.0013354641948	0.618880457492	0.703020741425
1.40838	0.677418262747	0.000311835440689	0.668034402322	0.704397991334
1.41265	0.648535049419	0.00041984474791	0.630476036904	0.668819069729
1.41691	0.633924853283	0.000666923550576	0.609338391786	0.668782399727
1.42117	0.629825717303	0.000637021678879	0.603404187348	0.652175602183
1.42543	0.635245962478	0.00019734419245	0.623587546775	0.653315974454
1.42968	  0.6437715651	0.000151430606824	0.628053801664	0.655668776389
1.43393	0.658166112305	0.000465910411723	0.636050284629	0.688708066046
1.43817	0.652368243156	0.000978399095771	 0.62530136394	0.682360459379
1.44241	0.654530901552	0.000294115795581	0.635970048582	0.677953284045
1.44664	0.673508318711	0.000258590314924	0.647207810453	0.682127772362
1.45088	0.692848304428	0.000152700997603	0.673370779301	0.699140416599
 1.4551	0.714598404684	0.00106946380841	0.663990605327	0.736579846434
1.45932	0.706655964993	0.0009403353406	0.682186916532	0.744685352994
1.46354	0.713915463729	0.000258878334226	0.703598008423	0.740015092259
1.46775	0.721120784655	4.06231357589e-05	0.713610046166	0.728440511883
1.47196	0.717245844499	0.000602353393013	0.678960518117	0.736094657146
1.47616	0.739152248499	0.000283585639445	0.712901700686	0.752704929512
1.48036	0.754680468638	0.000774514113797	0.724570604008	0.778389803182
1.48455	0.763509929051	0.00128353105974	0.713167400359	0.798096221757
1.48874	0.759896145176	0.00175618378168	0.700751787411	0.799140724381
1.49292	 0.78280199671	0.000543222864387	0.758292666351	0.811289567885
 1.4971	0.796220996137	0.000853105309404	0.763410473361	0.821741539876
1.50127	0.796487627883	0.00173039437072	0.750428293876	0.827297109117
1.50544	0.818082922268	0.00127176312191	0.775669747474	0.849094812215
 1.5096	0.819290451324	0.00112277325317	0.771171744105	0.853141880018
1.51376	0.847232777821	0.000422060564621	0.817783619746	0.864969992618
1.51791	0.868797327265	8.70811658428e-05	0.863336152903	 0.88389747559
1.52205	0.894783849575	0.000108347182414	0.880530596504	0.904243742943
1.52619	0.920404597157	0.000541637775996	0.900439187371	0.947880143816
1.53032	0.932551501136	0.000711174925934	0.904963646807	0.964199888046
1.53445	0.955403754726	0.00121148385153	0.915867325068	0.996370827455
1.53857	0.962062842944	0.00137172396775	0.930174578094	 1.00794100672
1.54269	0.974025231237	0.00156800907526	0.939500046648	 1.02571299271
 1.5468	0.997559932853	0.000920939369088	0.971095007144	  1.0373296383
 1.5509	 1.01230913141	0.00153222273549	0.981426259553	 1.06512595655
  1.555	  1.0356042328	0.00161537809796	0.985934133097	  1.0830034355
1.55909	 1.04322077233	0.00134977317305	 1.00570146798	 1.08922306098
1.56318	 1.05429926893	0.00109921731628	 1.01785454524	 1.09321626071
1.56726	 1.07371105577	0.000612089017823	 1.04683001092	 1.10286585495
1.57133	 1.09538180816	0.000738809859953	 1.06409430468	 1.12797001889
 1.5754	 1.12864642902	0.00052758848562	 1.10328652629	 1.15526386091
1.57946	 1.13157185443	0.00162153775799	 1.08382108056	 1.17293808383
1.58351	 1.12500117796	0.00183472684705	 1.06315214091	 1.16331749285
1.58756	 1.11995480928	0.0013929783171	 1.06948788899	 1.15427805275
 1.5916	 1.13844070721	0.000232738158123	 1.12234385612	 1.15698928026
1.59564	 1.18010125076	0.000828663754336	 1.14636952404	 1.20951856824
1.59967	 1.20689297509	0.00122431165893	  1.1627801175	 1.23816349117
1.60369	 1.22799305944	0.000686582869087	 1.19795557013	 1.25346663966
1.60771	 1.20840931278	0.000221320352241	 1.18444775196	 1.21782252581
1.61172	 1.20425899711	0.000523001880091	  1.1751189263	 1.22820084555
1.61572	 1.21735823709	0.000331504831765	  1.1877041098	 1.22873512086
1.61972	 1.23214616267	0.000206619515534	 1.21808517915	 1.25286976485
1.62371	 1.22738357965	0.000336929481266	 1.21494756603	 1.25454578362
 1.6277	 1.24640683836	0.000395045673045	 1.22835036735	 1.27121829679
1.63167	 1.26541522789	0.000506811706003	 1.24068637895	 1.29439343534
1.63565	 1.25200441069	0.000302112835605	 1.23367752871	 1.26599586688
1.63961	 1.26292452337	0.00038158870769	 1.23855414571	 1.28569170044
1.64357	 1.28973178737	0.000510483095701	 1.27640729228	 1.32532237035
1.64752	 1.31903726381	0.000128657173529	 1.30943226634	 1.33148758528
1.65147	 1.33183708803	0.00025222374391	 1.32057747987	  1.3553429361
1.65541	 1.33397802402	0.000568152494223	 1.30689624824	 1.36204728528
1.65934	 1.35121424486	6.2193627524e-05	  1.3467679007	 1.36175402557
1.66326	 1.35769367285	0.000271890762205	 1.33764736406	 1.37487733484
1.66718	 1.36092057666	0.000936664000784	 1.33420731064	 1.39738882557
 1.6711	 1.36029199876	0.000691156054195	 1.34447351884	 1.39816572214
  1.675	 1.36245427496	0.00042858308348	 1.34068126652	 1.38972908918
 1.6789	  1.3796481733	0.000435988147091	 1.35572685584	 1.40316084857
1.68279	   1.390531909	1.13678318706e-05	  1.3852199616	 1.39317418951
1.68668	 1.38558097485	0.000430868713063	 1.36093272458	 1.40546463935
1.69056	 1.38364733695	0.000813417888274	 1.34861575853	 1.41142525631
1.69443	  1.3784058162	0.000989522211268	 1.34051386953	 1.40949215852
 1.6983	 1.37371379766	0.00101551188553	 1.34069874924	 1.41871198215
1.70216	 1.34892480351	0.000144261457679	 1.33992141997	 1.36803145607
1.70601	 1.35089084536	0.000186009594822	 1.34337826631	 1.37019558694
1.70986	 1.33360085362	0.000200818737769	 1.32101869518	 1.35125126682
 1.7137	 1.29965378446	0.000443114814764	 1.28720420234	 1.33319753491
1.71753	 1.25964501129	0.000267873504238	 1.25178535857	  1.2866382152
1.72136	 1.23666629914	0.000120336515764	 1.22960516106	 1.25371756199
1.72518	 1.21774479274	0.000186960971342	 1.20753792712	 1.23931264191
  1.729	 1.19134579821	0.000436032245173	 1.17375464641	 1.21461947399
1.73281	 1.16528722913	0.000312689869191	 1.15321745006	  1.1898569403
1.73661	 1.14813609966	0.00028302938716	 1.12770932755	 1.16596258374
 1.7404	  1.1454577144	0.000590720415627	 1.11429227292	 1.17141005242
1.74419	 1.11926933308	0.000486262656208	 1.10028086206	 1.15058512215
1.74798	 1.10334992592	0.000643408172854	 1.08031787921	 1.14184368642
1.75175	 1.09559788901	0.00134457329579	 1.05613162741	 1.13771909667
1.75552	 1.06899470923	0.000933976698637	 1.02751912073	 1.10144151835
1.75929	 1.05099824892	0.000860856858183	 1.01950079415	  1.0859556406
1.76304	 1.03319087304	0.000526937918655	 1.00499349004	 1.05220388712
1.76679	 1.01298724329	0.000461275640251	0.990589260689	 1.03936896224
1.77054	0.976334002921	0.00149575978375	0.948274968969	 1.02988612706
1.77428	0.962732305449	0.00141426084472	0.926327191825	  1.0065589501
1.77801	0.939036797016	0.00197427356016	0.892185080528	0.996763701119
1.78174	0.921644920952	0.00199263427074	0.881919145843	0.988865841141
1.78546	0.915458200245	0.0012466396076	0.873027652758	0.957260115574
1.78917	0.898889915092	0.000908462434175	0.865688169489	0.937421589201
1.79288	0.876151870554	0.00216443765908	0.845451930195	0.947022478468
1.79658	0.892264286223	0.00235349329776	 0.84313419844	0.960847488916
1.80027	0.879709535143	0.00327907794834	0.834057687339	0.962286895139
1.80396	0.870734571342	0.00243688981067	0.829858887935	0.946655312436
1.80765	0.874085630275	0.00193249645873	0.831743148053	0.933182106311
1.81132	0.878860012077	0.00268262663821	0.820452746624	0.925942592146
  1.815	0.862364214325	0.00160019180597	0.818630776865	0.912595176349
1.81866	0.870833482238	0.00415980388288	0.822234226876	 0.96073955699
1.82232	0.902167973287	0.00616047879029	0.839679055303	 1.00609014651
1.82598	0.895204145521	0.00621381955232	0.851416878035	 1.01359437886
1.82962	 0.88046479612	0.00726415710744	0.798812883888	0.999965285373
1.83327	0.891313322371	0.00797650346682	0.794199944702	 1.00651766506
 1.8369	0.878872853886	0.00905352519562	0.799282124944	 1.00318593978
1.84053	 0.87345005079	0.0095302467647	0.782284372594	0.992684229755
1.84416	0.856822554786	0.00688038404322	0.770942236191	 0.96055454178
1.84778	0.869918225928	0.00377484788547	0.817937293965	0.949137754629
1.85139	0.844467045983	0.00771496380364	0.764017729117	0.965546407385
  1.855	0.815660221984	0.00985311813891	 0.71914528368	0.943304628931
 1.8586	0.824992220694	0.00806561562251	0.720266663265	0.924434643833
 1.8622	0.815819613812	0.00397290251192	0.741175584192	0.885818268578
1.86579	0.800651683845	0.00673552198389	0.706263066743	0.897317939712
1.86937	0.806714408651	0.0146000615396	0.687458700214	0.966389895784
1.87295	0.805367820357	0.0100261964593	 0.75193905073	0.970668249726
1.87653	0.793144190877	0.0059956295019	0.711898179819	0.881763068301
1.88009	0.821235203896	0.00159566002798	0.775204059947	0.865748588006
1.88366	0.819593253553	0.00283028343696	0.791291918165	0.905804653136
1.88722	0.829295550534	0.00505285638687	0.782736534614	 0.93939947603
1.89077	0.845796330272	0.00702804601612	0.778915421915	0.969691912385
1.89432	0.867472593094	0.00744865833807	0.773334317142	0.975347182255
1.89786	0.856300880814	0.00815599016566	0.787310973183	0.980002537074
