1.90328	0.959515319461	0.00300072078563	0.871470506454	0.994350059062
 1.9068	0.977371492644	0.00502054753858	0.876308638081	 1.02594380233
1.91033	 0.99757468761	0.00389795048327	0.904453884943	 1.02925801416
1.91385	0.994255992431	0.000764183513166	0.963325159644	 1.01331543839
1.91736	0.983103976227	0.000919845088221	0.945177777212	 1.01656941295
1.92087	0.960820961828	0.00298826771756	0.870249165593	  1.0086604076
1.92437	0.980306908791	0.00129063482657	0.912517881189	 1.00405659097
1.92787	0.970656594388	0.00153607215329	0.908675566788	0.996700447094
1.93136	0.957171928446	0.00101556006655	0.914523895897	0.995170873316
1.93485	0.931993224364	0.00109300721358	0.911598740412	0.978118621266
1.93833	0.915684772995	0.00136654194039	0.890182229052	0.972765307722
1.94181	0.927223011172	0.00118397879434	0.895882539543	0.988411867602
1.94528	0.920210318735	0.000990922005067	0.884674501603	0.973503381133
1.94875	0.921232844264	0.000265093596851	0.902840026621	0.939212658469
1.95221	0.914640211684	0.000787936591688	0.884610837219	0.949679052725
1.95567	  0.8944034201	0.00133087294347	0.865417006946	0.945913570803
1.95912	0.907346415187	0.000252118759685	0.889705522053	0.925964118081
1.96257	0.907105845578	0.000361866212939	 0.88413120567	0.935193098907
1.96601	0.909912245715	0.000784681080232	0.887751989884	0.959183862334
1.96945	0.886348248292	0.000959218548193	0.837886588887	0.918547210556
1.97288	0.890298656661	0.000452923931792	0.851325839974	 0.90632114749
1.97631	0.874474332717	0.000330428473325	0.851406889396	0.898751965588
1.97973	0.866185517364	0.000268121585681	0.836490653886	0.877468688791
1.98315	0.862634575021	2.64157863812e-05	0.857892148457	0.868784809939
1.98657	0.859341593736	0.000125272078214	0.850206835084	 0.87975129851
1.98998	0.860559270598	0.00031681503446	0.847155569161	0.893029756487
1.99338	0.860585334273	0.000634280772996	0.839760337613	0.899575601968
1.99678	0.860809188586	0.00208127021647	0.811733494753	 0.93425506123
2.00018	0.911330649231	0.00254916169331	0.861763664424	0.985786103498
2.00357	0.875605281909	0.00211498540696	0.814619564986	0.941566000353
2.00695	0.882295173788	0.00281082533712	0.833101940889	 0.95404138842
2.01034	0.884524585365	0.00176258839561	0.806043142595	  0.9039132502
2.01371	0.900619422392	0.000758342203056	0.855232378466	0.917888014437
2.01708	0.910602866768	0.000542140513842	0.878104786742	0.940548303295
2.02045	0.915568838346	0.000855224379925	0.890303972786	0.959070803261
2.02381	0.914020016804	0.000859280591565	0.875877677964	0.948839979689
2.02717	0.893604074722	0.000353077003063	0.861319010132	0.913227814911
2.03053	0.904588621637	0.000326370971122	0.879209944104	0.920684760395
2.03388	0.901199619779	0.000247544588462	 0.87759427524	0.919081368128
2.03722	0.916003138764	0.000342134442616	0.891457495546	0.937083588552
2.04056	0.914188630519	0.000350486843568	0.889616268235	0.932590555483
 2.0439	0.934703217267	0.000173297090161	0.917365141823	0.950623095763
2.04723	0.924381428127	0.000689874191371	0.896693169771	0.962619608012
2.05055	0.948241833688	0.000534362020162	0.908967554247	0.973048852645
2.05388	0.957104537502	3.45343551202e-05	0.947420338765	0.964004767315
2.05719	0.971783045462	0.00127003633935	0.935378322605	 1.02485003001
2.06051	0.973459298364	0.000371967779349	0.941101933337	0.990337798405
2.06382	 0.96725293568	0.000752711014909	0.925975867025	0.996245232439
2.06712	 0.98506303491	0.000790030092082	0.945216072092	 1.00566268084
2.07042	0.992321398623	0.000626327157229	0.960722568555	 1.01404336295
2.07371	0.994011561489	0.000220185161964	 0.97828879405	 1.01608637624
  2.077	0.998568011618	0.000333116710654	0.977821874665	 1.02093745601
2.08029	 1.01257018649	0.000119461956588	0.993490282042	 1.02214617963
2.08357	 1.01927678604	0.000438301715059	0.996290668166	  1.0511179285
2.08685	 1.00702901065	0.000203275250282	0.983801989148	 1.02210552039
2.09012	  1.0257669631	0.000156284091021	 1.01088865736	 1.03816600754
2.09339	 1.03346329494	0.00012901220689	 1.02232179788	 1.05016169145
2.09665	 1.04165919701	0.000285695136301	 1.02587156121	 1.06324690505
2.09991	 1.04172379066	0.000401505068108	 1.01487686252	 1.06064948771
2.10316	 1.05424434707	0.000127246983284	 1.03968014858	 1.06926412797
2.10641	 1.06262002206	8.05967559851e-05	 1.05046611598	 1.07433841591
2.10966	  1.0594087326	0.000274107289673	 1.03407350177	 1.08026363221
 2.1129	 1.06781621483	0.000226680182285	 1.05768596666	 1.09136614012
2.11613	 1.08949583834	0.000657026825211	 1.06861121854	 1.13274163098
2.11937	 1.08334853765	0.000779363795242	 1.06347202952	  1.1241097208
2.12259	 1.08986957364	0.000188621430678	 1.07374433998	 1.10520289779
2.12582	 1.09968849006	5.10813464442e-05	 1.08868398636	 1.10812719903
2.12903	 1.10048364648	0.000539889023062	 1.07821488213	 1.12443763414
2.13225	 1.10839019312	0.000614910003598	 1.07442146259	  1.1286553548
2.13545	 1.10816476125	0.000242198521894	 1.08650180127	 1.12386362174
2.13866	 1.11024981373	0.000167733187077	 1.09654156643	 1.13031729094
2.14186	 1.12254069903	0.000205544729804	 1.09981425675	 1.13175741382
2.14505	 1.13178321212	0.000273711877231	 1.11114062286	 1.14751218648
2.14824	 1.12781751315	0.000142266672823	 1.10782272194	 1.13585576932
2.15143	 1.12595181634	5.57252305556e-05	 1.11766422917	 1.13782186669
2.15461	 1.12888169924	0.000120018119258	 1.11576556028	 1.14277042756
2.15778	 1.13358724149	0.000113655830948	 1.12412308067	 1.14963480068
2.16095	 1.13533008383	0.000304655852522	 1.11324029074	 1.15396456986
2.16412	 1.14191692636	0.000832355911056	 1.10649082725	 1.16475447643
2.16728	 1.15111057057	0.000772414894502	 1.11933804967	 1.18211436259
2.17044	  1.1580505427	0.000906632716063	 1.12286322762	 1.19426590107
2.17359	 1.14808442157	0.00132502653117	 1.11028129942	 1.19472679545
2.17674	 1.13939524876	0.000355585249479	 1.11954050762	 1.16426442359
2.17988	 1.15068299935	0.000524881919863	 1.12544570486	 1.18815206733
2.18302	 1.14632074651	0.000111793735623	 1.13085108339	 1.16030919688
2.18615	 1.14579768475	0.00019777432897	 1.13566350705	 1.16920800204
2.18928	 1.13421945897	0.000235178924438	   1.120983755	  1.1630294202
 2.1924	 1.14381616025	0.000335756450192	  1.1257866403	 1.16886315244
2.19552	 1.14195949558	0.000120683554383	 1.13072446014	 1.15978992714
2.19863	 1.13783807126	0.00043347531825	 1.10274334546	 1.15244840574
2.20174	 1.14870421749	7.68906472365e-05	 1.13627288595	 1.15996375795
2.20484	 1.14169911533	0.000140765099382	 1.12295621904	 1.15575504085
2.20794	 1.14686133585	0.000280648959794	 1.13420525562	  1.1776769631
2.21104	 1.14685942444	0.000146989957475	 1.13207949538	 1.16478254585
2.21413	 1.13490680064	0.000301867895416	 1.11693904686	 1.15578926279
2.21721	 1.13816891871	0.00028669330955	 1.11669047004	 1.16222462369
2.22029	 1.13308433634	 0.0001240965955	 1.11459153492	 1.14469584399
2.22336	 1.12905928525	0.000710614237621	 1.11230137013	 1.18083801331
2.22643	   1.140457853	0.000474679130551	 1.11301390728	 1.16570890999
2.22949	 1.13358709862	0.000177128202645	 1.11720803233	 1.14960551262
2.23255	 1.12125646663	9.24496936238e-05	  1.1155116894	 1.14030785263
 2.2356	 1.12475185121	0.000374074116786	 1.10019844819	  1.1517231929
2.23865	 1.12327467503	0.000117378219229	  1.1110106309	  1.1381404485
 2.2417	 1.13190191961	0.000287254771365	 1.11246372385	 1.15863414086
2.24473	 1.13100759538	0.000369098512081	 1.10085152617	 1.15123300909
2.24777	 1.11378288612	0.000254787386793	 1.09586277165	 1.13880705743
 2.2508	 1.12459257795	0.000143044482152	  1.1133898151	 1.14381846994
2.25382	 1.11829321543	0.000278919393336	 1.09626762355	 1.14148730763
2.25684	 1.11613268417	0.000151058728458	 1.10107922825	 1.13539515758
2.25985	 1.10254647509	0.000175079847093	 1.09055634026	 1.12161836608
2.26285	 1.09958515917	0.000121529381591	 1.08875928245	 1.11248405825
2.26586	 1.10533057086	0.000191553880955	 1.09247176034	 1.13115073238
2.26885	 1.09859543359	0.000149374204461	 1.08607953451	 1.11495812207
2.27185	 1.09888980452	0.000370956733323	 1.07784487642	 1.12952213986
2.27483	 1.09946817255	0.000400235939134	 1.07564751002	 1.13022719653
2.27781	 1.08262450165	0.000351699232065	 1.05966188711	 1.10479454568
2.28079	 1.07947278632	0.000307897449581	 1.06090294534	 1.10941997362
2.28376	 1.08914400009	0.000147903037849	 1.07560872514	 1.10499606039
2.28673	 1.09124091889	0.000163014176394	 1.07264915513	 1.10865223637
2.28969	 1.07684965509	0.000100835718734	 1.06002228469	 1.08364754627
2.29264	 1.03387124455	0.00087098462754	0.986595759695	 1.06093403941
2.29559	0.978334284738	0.000342206736323	0.955554530819	 1.00262623703
2.29854	0.948960835446	0.000918859479031	0.902029280878	0.974476479583
2.30148	0.941788260545	0.000670778751681	0.904897729693	0.972812381978
2.30441	0.937131595899	0.000265332206092	0.922078144559	 0.96013439009
2.30734	 0.95339394293	0.000657323254695	0.927226003434	0.991441966659
2.31026	0.948264533312	0.000868815456272	0.921072096745	0.985706990196
2.31318	0.940656762466	0.00042939520787	0.921560205604	0.974055214637
 2.3161	0.938188068537	0.000295089686875	0.924838575496	0.968406486998
2.31901	0.930111360081	0.00125547356092	0.901583778384	 0.98985993374
2.32191	0.923002131299	0.00219686232232	0.877568330842	0.993863291254
2.32481	0.898782393054	0.000804696077049	0.871493844745	 0.94297589021
 2.3277	 0.88906462565	0.00129483395991	0.847092131607	0.931313780063
2.33059	0.872892819056	0.00101666306243	0.839098544166	0.927128657169
2.33347	0.882057508482	0.00125261611577	0.853501292714	0.926445835838
2.33635	0.892874705013	0.00188237821622	 0.83095751882	0.948424954779
2.33923	0.890489503847	 0.0012221892111	0.847756904636	0.937063595658
 2.3421	0.896613541478	0.00103655263976	 0.85555443856	0.935225133208
2.34496	  0.9021560496	 0.0014041416266	0.865013567934	 0.95496969963
2.34782	0.916256487808	0.00137278189298	0.859976466892	0.959376770184
2.35068	0.896837572539	0.00225373826593	0.853318486043	0.950630084634
2.35353	0.880207085775	0.000626479765383	0.844932503335	0.913653673605
2.35637	0.859102512564	0.00151743375284	0.814587340179	0.898183179108
2.35921	0.848234655956	0.00146551813766	0.803119580773	0.910060045111
2.36205	0.859586654172	0.00172886331626	0.809051770686	0.912289063465
2.36488	0.840941289187	0.00254459069156	0.776317660938	0.914765896384
2.36771	0.854584637164	0.000863404191258	0.825063153841	0.899431965544
2.37053	0.865824768973	0.00103233585564	0.827784084457	0.909813520885
2.37335	0.858664615173	0.00181996271172	 0.80838035928	0.917309493085
2.37616	0.854086426936	0.00209419041861	0.784311309118	0.911526022363
2.37897	0.850026850847	0.00129078635979	 0.80005352029	 0.88937619328
2.38178	0.845299905073	0.00112406526711	0.805029099133	0.889646628186
2.38458	0.850888685208	0.00215099619173	0.792545354588	0.900961281398
2.38738	0.834277046023	0.00264541770258	 0.77351573778	0.902152841071
2.39018	0.834078538778	0.00290680993607	0.775325775463	0.909200260786
2.39297	0.849639531659	0.00335765047753	0.780620249188	0.909586885138
2.39575	0.816063503319	0.00240589775477	0.771031683546	0.875483166128
2.39854	0.824681109219	0.00351386984626	0.783224433211	0.898345892201
