1.90061	0.971761576618	0.00487509854941	0.906547181326	1.00529026766
1.90415	 1.02918166899	0.00113044474216	  1.0012947803	 1.0488435919
1.90767	 1.00270576372	0.00342351135417	0.892088312541	1.09580625573
 1.9112	0.990420726655	0.00493504733989	0.921481886773	1.17506884465
1.91471	 1.02602055364	0.00325761245521	 0.96575044416	1.16100679324
1.91822	 1.02919115437	0.00289466773396	0.939882610536	1.13065453442
1.92173	 1.00835543697	0.00299099777625	0.912254590986	1.14177365584
1.92523	 1.00565872219	0.00417564535366	0.914921895135	1.18867064115
1.92873	0.975456572184	0.00202724365143	0.877422418277	1.03586049725
1.93222	0.944907010536	0.00139360042739	 0.89191310557	1.02417176175
1.93571	0.910424650764	0.00143367383304	0.856649009617	0.983569108094
1.93919	0.895745394164	0.00129112364252	0.829522515386	0.988531978842
1.94266	0.888114663637	0.000543233675807	0.850916271795	0.937860039502
1.94613	0.890038344589	0.00106076720668	0.831863017899	0.954928530255
 1.9496	0.877300486574	0.00108254917619	0.838005625921	0.960668376703
1.95306	0.863938888624	0.000572303141527	 0.82523147703	0.922157649974
1.95652	 0.85241228122	0.000572380973517	0.815944834159	0.904772161187
1.95997	0.845974869548	0.00060313323949	0.803481523349	0.881995670952
1.96342	  0.8434268619	0.00119361812025	0.762216058586	0.884759705858
1.96686	 0.84628993213	0.00107583892215	0.743184243322	0.876828147572
 1.9703	0.849199376103	0.000322006979447	0.812244057635	0.874036546711
1.97373	0.835271229135	0.000603589320239	0.778298667566	0.87085594127
1.97715	0.822239697238	0.000651219038563	0.762110311924	0.859625014851
1.98058	0.828845945425	0.00062028615911	0.780375305752	0.873631249002
  1.984	0.829328115973	0.000436208915759	0.795797482412	0.874221145399
1.98741	 0.82990309859	0.000322567546601	0.801195296847	0.875270901033
1.99082	0.838992531553	0.000503795598693	0.803132569861	0.876853819055
1.99422	0.848772121875	0.000706534832032	0.805090437376	0.891315088554
1.99762	0.845077136995	0.00104941854487	0.794263648776	0.909212683537
2.00101	0.847432320184	0.00144531548882	0.806629146146	0.935918754488
 2.0044	0.855665098791	0.00116500338367	0.823386940469	0.953558626474
2.00779	0.850965909227	0.00176687775275	0.788445397769	0.934432697701
2.01117	 0.85359541285	0.00108604716829	0.792333907375	0.915691579799
2.01454	0.862784227844	0.00113594034928	  0.8266402698	0.93947744812
2.01791	0.883417250173	0.000967980631663	0.841464468446	0.949992773662
2.02128	0.893383422026	0.000678378313808	0.842549666663	0.955413379612
2.02464	0.901086957242	0.000742745580901	0.855077894389	0.958135220506
  2.028	0.910606511932	0.000577202969557	0.886035156499	0.959179217187
2.03135	0.921501023341	0.000757585238589	0.890103268382	0.970198031448
 2.0347	0.939795804265	0.000509457460564	 0.90200617557	0.982529527693
2.03804	0.947242303723	0.000913430439287	0.905762646924	1.00952401077
2.04138	0.954541169271	0.000685872611693	0.917912348091	1.00130109473
2.04472	0.963536391915	0.00125732291498	 0.89770292298	1.03614206239
2.04805	0.976685492174	0.000813555694304	0.911123094673	1.01408903436
2.05137	0.980705925714	0.000620662532376	0.938129743783	1.01551137789
2.05469	0.989952767433	0.000428473330686	0.955071955037	1.03805966114
2.05801	 1.00584292171	0.000859228612114	0.956413686352	1.05154325526
2.06132	 1.01589318981	0.00105727856431	0.967226251894	1.08846130788
2.06463	 1.02280626971	0.000669777583481	0.991300083449	1.08141437482
2.06793	 1.03498212051	0.000534445156843	0.991781907979	1.07775757817
2.07123	 1.04623764145	0.000828171274809	 1.00878827656	1.09364126595
2.07452	 1.05323993028	0.000588839376901	 1.01836114088	1.09534775456
2.07781	 1.06266039474	0.000620398056893	 1.01694042607	1.11249892066
 2.0811	 1.07313651212	0.000870829086459	 1.01915245271	1.12295428274
2.08438	 1.07591615921	0.000848617290196	 1.02718734565	 1.1277620344
2.08765	 1.08763271573	0.000819537212672	 1.01895058926	1.13126027837
2.09093	 1.09926003538	0.000871604840232	 1.05296568507	1.15571119027
2.09419	 1.11233868334	0.000586333044199	 1.06514863696	 1.1502307386
2.09745	 1.11872032742	0.000769874352634	 1.06494825322	1.16632073282
2.10071	 1.12743074604	0.000837604671951	 1.07392057931	1.17594389685
2.10397	  1.1354634604	0.000642677828475	  1.0783653306	1.16587767296
2.10721	 1.14171271598	0.000399425050987	 1.09585133995	1.16172919829
2.11046	 1.15320359906	 0.0007158983685	 1.10604719403	1.20849013183
 2.1137	 1.15731161509	0.000654534739131	 1.10975122218	1.20124126161
2.11693	 1.16235405475	0.000392569791584	 1.11408789029	1.18576781183
2.12016	  1.1685250825	0.000702563871424	 1.12264889033	1.22547881745
2.12339	 1.17256033739	0.000995830176702	 1.12805331831	1.23885449781
2.12661	 1.17461952872	0.000556794353649	 1.12630826295	 1.1993893524
2.12983	 1.17788955361	0.00049259574407	 1.13942179979	 1.2138256179
2.13304	 1.18772577423	0.000366900491852	 1.14951713674	1.21262579273
2.13624	 1.18857725289	0.000303990256519	 1.14751331105	1.20732429217
2.13945	 1.19054984229	0.000444119143568	 1.14130548174	1.21017225195
2.14264	 1.19707366153	0.000353158362551	 1.16749852793	1.22825562474
2.14584	 1.19895374479	0.000307574135371	 1.15536655405	1.21524236034
2.14903	 1.20472458171	0.000602791379119	 1.16895499682	1.24157855081
2.15221	 1.19624748869	0.000335972758813	 1.16144320459	1.22349855381
2.15539	 1.18907348718	0.000514366660071	 1.15115870958	1.23767068093
2.15856	 1.18831086501	0.000254014850644	 1.15560152351	1.21502968461
2.16173	 1.19172770557	0.000321489090348	 1.15125069339	1.21036766116
 2.1649	 1.19619553321	0.00014710812038	 1.17680437949	1.21645582345
2.16806	 1.19918420797	0.00021295118837	 1.16999589995	1.22383122969
2.17122	 1.19938787292	7.74314218656e-05	 1.18069828163	1.21250414434
2.17437	  1.1904734393	7.86305632813e-05	 1.17731482837	 1.2041494987
2.17751	 1.18615133782	0.000115977130294	 1.16656987894	1.20308865193
2.18065	 1.18803710856	0.00014394053777	 1.16406364903	1.20559675187
2.18379	 1.18877242118	0.00023117441723	 1.16173836524	 1.2137762856
2.18692	 1.18572253513	6.94179649393e-05	 1.16918722195	  1.200616595
2.19005	 1.18761043837	0.000206975675439	 1.16439564374	1.20973685594
2.19317	 1.18544194728	0.000187589138353	  1.1608239815	1.21103546283
2.19629	 1.18600490448	0.000244088532962	 1.16029321963	1.21101563942
 2.1994	 1.17657122704	0.000284402561641	  1.1393361314	1.20231393761
2.20251	 1.16727102226	0.000594681478405	 1.12375672901	1.21489740599
2.20561	 1.16560401391	0.000253437838246	 1.13158159814	1.20391180434
2.20871	  1.1668040225	0.000373797609404	 1.14883329969	1.20569012331
 2.2118	 1.16663084451	0.000328254049992	 1.11963230267	1.20032953624
2.21489	  1.1618098983	0.000571138659486	 1.10805764117	1.19158344523
2.21797	 1.14825033051	0.000329292900511	 1.11376676657	1.18219096623
2.22105	 1.15190637554	0.000355364784098	 1.11411149962	1.18658010234
2.22412	 1.15425847601	0.000581017593163	 1.11259318134	1.21857590108
2.22719	 1.15107302794	0.000202354663018	 1.11912321124	1.17561409861
2.23025	 1.14678376306	0.000566091897178	 1.08896318101	1.18908424969
 2.2333	 1.14259436331	0.000267399655723	 1.10258543175	1.17254044289
2.23636	  1.1373156427	0.000373454862514	 1.10609600351	1.18164284512
 2.2394	 1.12912697172	0.000151917696287	 1.10637137222	1.14711470446
2.24245	 1.12957181846	0.000198277131563	 1.11437891256	 1.1624087037
2.24548	 1.12977359535	0.00050264757279	 1.09382273354	1.17550486007
2.24851	 1.12608929014	0.00044877764593	 1.09690550044	1.17665469081
2.25154	  1.1210963036	0.000572750768444	  1.0916486973	1.16965020608
2.25456	  1.1180594232	0.000450998076574	 1.08587078853	1.16751670631
2.25758	 1.11839728301	0.000492664047453	 1.06753195271	1.15306663514
2.26059	 1.11267637282	0.000622280712669	 1.08691839961	1.17249720004
 2.2636	 1.10002814824	0.00119554940713	 1.02957601137	1.17554682485
 2.2666	 1.09220502984	0.000510129605156	 1.04948527514	1.13787555318
2.26959	  1.0851436576	0.000308984027942	 1.05187128766	1.12352500334
2.27258	 1.08256927058	0.000513886219969	 1.05264666085	1.14343306743
2.27557	 1.08095343553	0.000514333120442	 1.02673274378	1.11904963738
2.27855	 1.07849264117	0.000452730623615	 1.04046603842	1.12821415844
2.28152	 1.07811793095	0.000681345828203	 1.03297424445	1.14165236005
2.28449	 1.07440311972	0.00130674553952	 1.01072147309	 1.1439747668
2.28746	 1.06768907724	0.000976490836105	 1.00318637802	1.11287604602
2.29041	 1.03400846853	0.00123254397562	0.959762013384	1.07290138571
2.29337	 0.97125555105	0.00180702698162	0.888512653125	1.05676439986
2.29632	0.899225398743	0.00195978062182	0.853269144653	1.02769936208
2.29926	0.858121817335	0.00117345476755	0.807071401645	0.952848015542
 2.3022	0.852152623038	0.000914009199675	0.806268805221	0.904224053851
2.30513	0.859623197893	0.00118678977434	0.807005148962	0.901518258737
2.30806	0.863152614934	0.00103059823813	0.812745038942	0.908558822661
2.31098	 0.86303301785	0.00074168917216	0.828658273033	0.92231406729
 2.3139	0.860366410056	0.000642049221614	0.832044239026	0.918307413647
2.31681	 0.86690827773	0.000585888184332	0.831295867741	0.907073602247
2.31972	0.855879166162	0.000699962179804	0.817733035451	0.899372946851
2.32262	0.836128852288	0.000744394813467	0.802385679664	0.898250828571
2.32552	0.809608481862	0.000433813310737	0.781519804919	0.84349048829
2.32841	0.800527375631	0.000949110420579	0.762421256574	0.864285330899
 2.3313	0.799333721266	0.000601997789955	0.753182937782	0.842513132014
2.33418	0.810177304646	0.000923497730568	0.766220489195	0.873172281556
2.33706	0.817841852753	0.000710119850743	0.781467666425	0.858571354316
2.33994	0.822945067073	0.000613100332404	0.789232653338	0.863989830666
 2.3428	0.824141039349	0.000625535973499	  0.7839579019	0.878154120716
2.34567	0.822543855245	0.000760275256689	0.783739555998	0.889436378561
2.34852	0.823746770356	0.000854883583569	0.775764369598	0.875968168211
2.35138	0.817399063325	0.000428694709612	0.788093477016	0.857080483866
2.35423	0.797803490367	0.000379317665834	0.770880173031	0.841445664832
2.35707	0.782199550965	0.000554671907946	0.757948785951	0.836542969852
2.35991	  0.7741205612	 0.0006410017487	0.734875311165	0.82673582913
2.36275	0.780075714187	0.000698935589809	0.732365581669	0.829558566712
2.36558	0.783338248902	0.000582727899651	0.742446866311	0.829687435275
 2.3684	 0.78746506653	  0.001052169661	0.743358394609	0.855330566305
2.37122	0.783593742726	0.000438627081637	0.744745843996	0.817055783735
2.37404	0.782337356265	0.000394700114059	 0.75389568756	0.828573741485
2.37686	0.773630387024	0.00103147444321	0.744135659205	0.845473735788
2.37967	0.778908886973	0.000726887119744	0.754829096114	0.830990503443
2.38247	0.767312036881	0.000557376296103	 0.72829240049	0.816553552963
2.38527	0.759000815202	0.000436207492584	0.730470762279	0.80140779864
2.38807	0.755112193114	0.00065780831269	0.721907554701	0.811538143688
2.39086	0.762165575998	0.000656798361422	0.716909249738	0.816966118438
2.39365	 0.76537484007	0.000596939661936	0.711648215892	0.804841417595
2.39644	0.757078462762	0.000744037616299	0.708183393025	0.802109708096
2.39922	0.756186631163	0.000235267153861	  0.7410819682	0.77148130312
