1.40027	0.668534001378	nan	0.668534001378	0.668534001378
1.40454	0.677175948559	inf	0.677175948559	0.677175948559
1.40881	0.647703758729	0.00191866484666	 0.60749508194	0.714816506105
1.41308	0.640216235098	0.00197167067497	0.577384733558	0.707142755392
1.41734	0.607945964072	0.00224183744489	0.558108703838	0.688266976741
 1.4216	0.608637377386	0.00136062626519	0.563036832686	0.651754357791
1.42586	0.608061352141	0.00131369039095	0.570133912311	0.675705832679
1.43011	0.610353295433	0.000942424262588	0.573103967456	0.664790650661
1.43435	0.639126164749	0.00139449947768	0.601731324647	0.712385151901
 1.4386	0.642995466089	0.00136627835907	0.605493555276	0.700227994746
1.44284	0.651932397066	0.00119766123475	0.626423389962	0.719062193347
1.44707	0.671847331611	0.000443124339546	 0.65095369031	0.706856930075
 1.4513	0.700480635198	0.000782371799529	0.673531976172	0.756519596309
1.45553	0.721188855513	0.00103589882448	0.688576549555	0.772098958245
1.45975	0.748458466039	0.00107169078898	0.709507649074	0.799752867006
1.46397	0.759524922469	0.00133613807919	0.714245340446	0.804384738138
1.46818	 0.76500977065	0.000550863982574	0.734942621774	0.799011922316
1.47238	0.769464053283	0.00043716390014	0.743384993687	0.799212755344
1.47659	0.793086486288	0.00129118430493	0.739911170565	0.839776423665
1.48078	 0.79790084511	0.00109422427817	0.749436798821	0.846851161805
1.48498	0.814345476319	0.000887477614348	0.771351650191	0.860261606323
1.48916	0.828783018421	0.000496329949058	0.804282685842	0.864763151429
1.49334	0.841703076415	0.000547599151635	 0.82173499046	0.889861417572
1.49752	0.867764675778	0.000630591554927	0.840235080387	 0.91739384646
1.50169	0.885245717262	0.000893913357638	0.839023250603	0.931603444717
1.50586	0.899007532223	0.000985766747326	0.859629690595	0.950484061053
1.51002	0.931516699809	0.000994477086961	0.884834428228	0.978249794211
1.51417	0.959341669403	0.00129560920262	0.914840076411	 1.02269786902
1.51832	0.973032147773	0.000979316698896	0.947135946956	 1.03871735172
1.52247	 1.00125368792	0.00138778134436	0.955456199891	 1.05702219449
1.52661	  1.0334997615	0.00143740877738	0.978632442646	 1.08354665263
1.53074	 1.05201310819	0.00174345479201	0.978536495141	 1.11213767101
1.53487	 1.05839011518	0.00170225612657	 1.00721068341	 1.13420720967
1.53899	 1.08267435102	0.00107668357552	 1.04005833802	 1.14016377949
 1.5431	  1.1034403795	0.00217412850719	 1.02443429707	  1.1724288263
1.54721	 1.13209396924	0.00208509744564	    1.06426234	 1.20170666239
1.55131	 1.14815991121	0.00254518850205	 1.06451419557	  1.2285350679
1.55541	  1.1628422639	0.0015307264191	 1.11557789043	 1.23754790603
 1.5595	 1.18666548789	0.0021261124989	 1.11897176865	 1.25518025938
1.56359	 1.18222457497	0.00150735984964	 1.13126894602	   1.253254633
1.56767	 1.21547216989	0.00225307510468	 1.13502864046	  1.2807656282
1.57174	 1.22326950225	0.0013847951749	 1.16092841687	 1.28404234057
1.57581	 1.25305387729	0.00192373023639	  1.1651851492	 1.30401548797
1.57987	 1.25222809496	0.0025491320904	 1.16667921852	 1.30852725078
1.58392	 1.23739096401	0.0010570954794	 1.19590912008	 1.29632237804
1.58797	 1.24476601226	0.000820491786753	  1.1971167126	 1.27336859682
1.59201	 1.24460138501	0.00201461817309	 1.17454123626	 1.29951840577
1.59605	 1.27789734453	0.00221243423605	 1.18710844374	  1.3312740941
1.60007	 1.28924511426	0.00168316025054	 1.22742268582	 1.34613709699
 1.6041	 1.29493964852	0.0010838144404	 1.24636164683	 1.33669828625
1.60811	 1.28552890778	0.00107673426573	 1.24662752322	 1.32812809789
1.61212	 1.26695698312	0.000715206629201	 1.23233261733	 1.31122202373
1.61613	  1.2941632347	0.000566451404345	 1.24904816169	 1.32354432926
1.62012	 1.30566037036	0.000927508367599	 1.25146882207	 1.34999022887
1.62411	 1.30210857916	0.000685248219869	 1.26377167453	 1.33624189541
 1.6281	 1.31057037352	0.000997777937257	 1.26361410627	 1.35015364464
1.63208	 1.30679922999	0.000665534013831	 1.26345414282	 1.34628496968
1.63605	 1.29814200525	0.00076943509148	 1.25012802313	 1.32065275781
1.64001	 1.30788376439	0.000704415942765	 1.27268672037	 1.34479622871
1.64397	 1.33039347207	0.000869917166765	 1.27726229479	  1.3519932859
1.64792	 1.35375036698	0.00139293795821	 1.28626986538	 1.38306622648
1.65186	 1.34666678947	0.000729734435209	 1.29700993874	 1.37979725777
 1.6558	 1.33799863155	0.00063900443745	 1.29862060651	 1.37116791395
1.65973	  1.3348024849	0.000568769157468	 1.30473630878	 1.36870123725
1.66366	 1.34341792828	0.000624433327388	 1.30560714985	 1.36861709058
1.66758	 1.33410913892	0.000531822024478	 1.31040310879	 1.37057546681
1.67149	 1.33371762435	0.000467442445616	 1.30198662753	 1.36249021223
1.67539	  1.3300182506	0.00163500603542	 1.25560703117	 1.37202521622
1.67929	 1.34554909988	0.000852953386768	  1.3081417921	 1.39267258117
1.68319	 1.34889902455	0.000562225907363	 1.31265714216	  1.3859309571
1.68707	 1.34338564988	0.00155253168164	 1.28914858988	 1.40321748222
1.69095	 1.32854867782	0.00176617623407	 1.27259037653	 1.39178460966
1.69482	 1.33074754966	0.000681726972042	 1.30746437455	  1.3799178311
1.69869	 1.30805083498	0.00104389553673	 1.27202608431	 1.35266593572
1.70255	 1.31611346289	0.000773964822184	  1.2898342414	 1.35853070179
 1.7064	 1.30080587775	0.00112732002876	 1.24372550713	 1.34785316086
1.71025	  1.2900786727	0.000808481780114	 1.25293976325	 1.33274460565
1.71409	 1.25255208536	0.00110187367133	 1.20616686689	 1.29356246811
1.71792	 1.24067718639	0.000415669530831	 1.20955891014	 1.26504562724
1.72175	 1.21684110923	0.00120272313929	 1.17773169788	 1.28665562352
1.72557	 1.20256777923	0.000664031738389	 1.15849175891	 1.22967617068
1.72938	 1.16603572286	0.000967475164175	 1.11746086056	 1.20794050858
1.73319	 1.14377143346	0.000579866793124	 1.10115915779	 1.17410237162
1.73699	 1.11925347086	0.00189673304002	 1.05874311443	 1.17374558894
1.74079	 1.11140979595	0.000758846547424	 1.06340896494	 1.14797807102
1.74457	 1.08294587795	0.0026079625063	 1.00713841794	 1.16850772011
1.74836	 1.05687221086	0.00142733568531	 0.98297560033	 1.10130204229
1.75213	 1.01711217272	0.00202394168132	0.937396355087	 1.07912566275
 1.7559	  1.0028334466	0.00181209936753	0.916555701018	 1.05340984282
1.75966	0.969624874766	0.00290616580734	0.887731730698	 1.06417229571
1.76342	0.940201352318	0.00261141595894	0.848823883586	 1.00151498038
1.76717	 0.92523570546	0.00251403445509	0.848766922816	0.980517806133
1.77092	0.906378890595	0.00267980288601	0.806440431186	0.957760957997
1.77465	0.868939571066	0.00211725587112	0.777270468226	0.914463935217
1.77839	 0.86039429989	0.00244974768156	0.768916084853	0.921312912686
1.78211	0.824639053847	0.0036605712788	 0.72956083144	0.909383649132
1.78583	0.814006612297	0.00238830585344	0.727596154634	0.878857888405
1.78954	0.817294306383	0.002792237207	0.714720789026	0.866074177494
1.79325	0.791497067143	0.00266764774597	0.694469943183	 0.85832565651
1.79695	0.795637593257	0.00355543226189	0.692792595295	0.866860399893
1.80065	0.790851339418	0.00228834677304	0.708277468867	0.868592580147
1.80434	0.789077377427	0.00368603715076	0.693282516645	0.868126470537
1.80802	0.776440910113	0.00311072815014	0.682519984568	0.869019048986
 1.8117	0.777117481733	0.00376279398185	0.716917184595	0.901624216177
1.81537	0.795827329989	0.00509847642054	0.697299601588	0.926116999011
1.81903	0.813925951779	0.00480403436904	0.739571011565	0.936807589491
1.82269	0.826158646231	0.00411618734175	0.751603651381	0.955272727003
1.82634	0.815118195979	0.00495787209967	0.762536537268	0.968728452858
1.82999	0.833643302119	0.00662554398135	 0.75065763841	0.995731976044
1.83363	 0.81201599388	0.0093315113094	0.724427549474	 1.00427462759
1.83727	0.762566547744	0.00981603645645	0.657489542848	0.963800428277
 1.8409	0.749345220202	0.0123194077693	0.625832801833	0.944639292637
1.84452	0.714568155306	0.00812121288075	0.591817238969	0.894132174322
1.84814	0.704099473547	0.0090937306751	 0.56743077986	0.877740385814
1.85175	0.741941520815	0.00741281499932	0.646329916521	  0.9044855547
1.85536	 0.69607020048	0.0123307850863	0.580832207553	 0.88257653285
1.85896	0.668662503829	0.00532683493622	0.598083334792	0.834012691156
1.86256	0.654153729895	0.00768547872274	0.578796417867	0.828671813044
1.86615	0.662666909041	0.0115284074571	0.513095516158	0.870422772038
1.86973	0.701678066056	0.00951921523869	0.616884440939	0.856408009904
1.87331	0.698239381649	0.0085243729009	0.599899616834	 0.85850973656
1.87689	0.761022976724	0.00670917666721	 0.64324676641	0.880925408891
1.88045	0.719498193312	0.00821787352527	0.604076169423	0.860702603519
1.88402	 0.70849437327	0.00672850640707	0.627189407733	0.866209692833
1.88757	0.759246018481	0.00406155541614	0.669832002278	 0.87593213672
1.89113	0.744864347653	0.00567247914243	0.665365925528	0.903843468135
1.89467	0.785790078332	0.00459642429184	0.718903764873	 0.91114045329
1.89822	0.800852196607	0.00707642721518	0.687568235627	0.923115451376
