0.800211	0.0651218085462	nan	0.0651218085462	0.0651218085462
   0.803	 0.112723030943	nan	 0.112723030943	 0.112723030943
0.805809	 0.111703947453	0.00248616787327	0.0540625082149	 0.179920296409
0.808637	 0.129950400128	0.000567449685937	 0.110809871883	 0.167351893945
0.811485	 0.166125317531	0.00516482754099	0.0208698573343	 0.229379388404
0.814352	  0.16113102755	0.00147873694676	 0.112191972408	 0.207969259855
0.817239	 0.188420950374	0.00104396684421	 0.156009509617	 0.237458960053
0.820145	 0.187320323587	0.000455765185008	 0.163186385708	  0.21876093108
0.823072	 0.218589149458	0.00125386619944	 0.170303527756	 0.256446022626
0.826017	 0.190740071522	0.000800918729827	   0.1410971996	 0.227686266357
0.828983	  0.22132267811	0.00414591222602	 0.132996554782	 0.306294155747
0.831968	 0.254453528419	0.00110745877321	 0.185712363003	 0.274996689445
0.834973	  0.25262177514	0.00156922028647	 0.189867977736	 0.297300170073
0.837998	 0.248740162788	0.00148719962031	 0.194574332174	 0.281413059877
0.841042	 0.274750305611	0.00116383202296	 0.221285535903	 0.307065052359
0.844106	 0.292981150602	0.00206217026746	 0.224817569096	 0.350205457275
 0.84719	 0.296921673419	0.00177797834389	 0.244692605565	 0.363293490524
0.850294	 0.304073180663	0.000445094112549	  0.28674547773	 0.338502708911
0.853417	 0.276190844117	0.00498557447305	 0.137884690116	 0.352248169407
0.856559	 0.276643485026	0.00307743691368	  0.18046859548	 0.348397083357
0.859721	 0.276434806536	0.00212838036503	 0.217619437768	 0.334845877977
0.862902	 0.291231744044	0.00155044121659	 0.240103690261	 0.345892904319
0.866103	 0.262521305299	0.000995243216423	 0.237669005361	 0.324693321669
0.869323	  0.26577617558	0.000238054984176	 0.240065619594	  0.28917942543
0.872562	 0.288609645218	0.00122532674649	 0.235420283145	  0.32976480934
0.875821	 0.307083646775	0.000726489569534	 0.258732964109	 0.341643954855
0.879098	 0.333125922328	0.0013361437122	 0.259957922776	 0.361880087456
0.882395	 0.351919766022	0.000927972890226	 0.307538550878	 0.397937856424
 0.88571	 0.350574587374	0.00191670353736	  0.27325484891	 0.398534495772
0.889044	   0.3646416923	0.0011529954441	 0.323798546661	 0.423472911862
0.892397	 0.384246891885	0.0010884632653	 0.325385297687	 0.419553896427
0.895768	 0.411250397259	0.000825318694231	 0.356518274985	 0.439455127917
0.899158	 0.406899424421	0.0019571398752	 0.342164795842	 0.468391799339
0.902566	 0.422992687209	0.0012107066245	 0.364098678418	 0.463926248965
0.905992	 0.453102489073	0.00230695563508	 0.388628711118	 0.531545595787
0.909437	 0.469905820973	0.00247094278099	 0.392854911871	 0.551388024399
0.912899	 0.504098844281	0.0021992277089	 0.420438366243	 0.569793317997
0.916379	 0.519834349529	0.00222941303045	  0.45423139479	 0.592914605468
0.919877	 0.521505328515	0.0036905929358	 0.437534067734	 0.596537703268
0.923393	 0.535681871014	0.00260505647584	 0.452173086215	 0.616935168826
0.926926	 0.550272755918	0.00170998675011	 0.494446223171	 0.607480315241
0.930476	 0.563850746956	0.00119048397899	 0.515838905507	 0.631870087947
0.934043	 0.576392821605	0.00135977244298	 0.512763336962	 0.613758120616
0.937627	 0.596631321903	0.00372440729563	 0.535664725119	 0.706888069294
0.941228	 0.625674336323	0.00277578207421	  0.55288301332	 0.702271502002
0.944846	 0.631488602007	0.00233847033573	 0.590939998107	   0.7351571282
 0.94848	 0.645353576672	0.00208005883549	 0.567831097363	 0.719735883409
 0.95213	 0.668268574633	0.00125606508265	 0.633139941896	 0.741270384071
0.955797	 0.672853019887	0.00226840320699	 0.642649802696	    0.778038368
0.959479	 0.652029359773	0.0022918855706	 0.608026810983	 0.736732368329
0.963178	 0.681714732266	0.00181167502369	 0.615938016314	 0.759228428693
0.966892	 0.689060449994	0.00254816071413	 0.625093531257	 0.792237712435
0.970621	 0.724068363073	0.00442551810351	 0.617146845986	 0.825010772727
0.974366	 0.747074099833	0.0021112327906	  0.69127765349	 0.837563435509
0.978125	 0.757009498481	0.00203915628052	 0.692636687813	 0.843048734023
  0.9819	 0.783674398715	0.00300165132875	 0.733690634858	 0.906291320457
0.985689	 0.773711621422	0.000807421189142	 0.753683675783	 0.837998341482
0.989493	 0.759972512721	0.00137964663667	 0.702335775516	 0.794974364794
0.993311	 0.738599402936	0.00277070648171	 0.651221686201	 0.800807192766
0.997144	 0.711591158477	0.00154890458011	 0.660551869291	 0.747084053926
 1.00099	 0.711367358442	0.0014616418528	  0.65335044401	 0.765809133424
 1.00485	 0.733659244203	0.0013886764988	 0.670778999798	 0.773449494725
 1.00872	 0.757715220757	0.00220798310519	 0.680742384975	 0.825757094507
 1.01261	 0.763249425757	0.00308557324178	 0.652693553688	 0.815754769898
 1.01651	   0.8122229828	0.00244847661518	 0.717241840821	 0.850143565544
 1.02042	 0.815492779804	0.000922601397351	 0.773807601465	 0.853633148161
 1.02435	 0.852245835957	0.00248305576304	 0.792660827348	  0.93758470017
 1.02829	 0.853548925274	0.00153903072438	 0.788970380775	 0.903841091134
 1.03224	 0.872369450155	0.00104310357795	 0.832565037652	 0.910726356852
  1.0362	 0.909913987606	0.0015985873881	 0.820107499806	 0.934481031491
 1.04018	 0.931414562641	0.00235270091351	 0.815242333706	   0.9508596843
 1.04416	  0.94954967823	0.00129707926277	  0.88122856989	 0.987955525104
 1.04816	 0.987272144651	0.000430360404883	 0.954896749315	  1.01122028034
 1.05217	 0.995835150453	0.0011131834128	  0.93931167752	  1.03810211114
 1.05619	  1.00568289906	0.000656750178393	 0.959519546865	  1.03334582643
 1.06022	  1.01792394408	0.000440026163884	 0.987324993338	  1.03923193539
 1.06426	  1.03229178424	0.000648210036022	 0.997640338992	   1.0658433435
 1.06831	  1.05878474381	0.0010297719923	    1.007775682	  1.10582530509
 1.07238	  1.06689424106	0.000299289414828	  1.03910861415	   1.0958571075
 1.07645	  1.09273884924	0.000834990792418	  1.04987131957	  1.11927066174
 1.08053	  1.10640198182	0.000905799574701	  1.07045118471	  1.14977083729
 1.08462	  1.12556691567	0.000614593147796	  1.09374109175	  1.15589085144
 1.08873	  1.12730376535	0.000442538878859	  1.09163696801	  1.15733695464
 1.09284	  1.10887195937	0.00103732088572	  1.06887746834	  1.15750158408
 1.09696	  1.09622950705	0.00102044186804	  1.05744108267	  1.14064308057
 1.10109	  1.09057838461	0.0009425000864	   1.0492936074	  1.12998576412
 1.10522	  1.07545109902	0.000756072296919	  1.03840833876	  1.11102705794
 1.10937	  1.05384251034	0.00110260142956	  1.01664149084	   1.1098968398
 1.11352	  1.04771999718	0.00120915057008	  1.00781702679	  1.11617370742
 1.11768	  1.06285575257	0.0014526528456	  1.01893281136	  1.12983557273
 1.12185	  1.07887530132	0.00134709890247	  1.04707067396	  1.14929248545
 1.12603	  1.08197690786	0.00169242589591	   1.0283984327	  1.13854364565
 1.13021	  1.07197067019	0.000837473478661	  1.03198758052	  1.12141165829
 1.13441	  1.05218000721	0.000227681864516	  1.02669724276	  1.07645079614
  1.1386	  1.04679505174	0.000546339201672	  1.01225322237	  1.07916755663
 1.14281	  1.06408435625	0.000729100316126	  1.03664204586	  1.11512052422
 1.14702	  1.10088863369	0.000607183288457	  1.06833499852	  1.12650608511
 1.15124	  1.13573613573	0.00209196930148	  1.06532345051	  1.19925177845
 1.15546	  1.13066084259	0.000977512614833	   1.0882625551	  1.19360588529
 1.15969	  1.12924241368	0.00031126801417	  1.11100488689	  1.16060850998
 1.16393	  1.11365888417	0.00134032808527	  1.07307605482	   1.1942571289
 1.16817	  1.09210874929	0.00127215575657	  1.03489272099	  1.14022181039
 1.17241	  1.07348877223	0.00211550474404	 0.998623860775	  1.14402640312
 1.17667	  1.08331680445	0.00132472071897	  1.01976315784	  1.13319097144
 1.18092	  1.13910739334	0.00096931679631	  1.09054783065	  1.18757469851
 1.18518	   1.1783565112	0.000981356836077	  1.12065906844	  1.20612213311
 1.18945	  1.21644202842	0.000834971876458	   1.1702564373	    1.254489337
 1.19372	  1.23105052515	0.000745706908033	  1.18564582919	  1.26487579928
 1.19799	  1.23825773878	0.00259045559861	  1.13091206493	  1.28512126405
 1.20227	  1.25602806716	0.00148953537829	  1.16684237422	  1.27694138165
 1.20655	  1.26989456257	0.00228074483705	  1.17854103775	  1.30384004401
 1.21084	  1.31558601914	0.00220119863817	  1.22342667875	  1.35280415521
 1.21512	  1.33998522552	0.00231983677737	  1.26068482369	  1.36828367568
 1.21942	  1.36967683459	0.00234931794668	  1.26883925788	  1.40128295073
 1.22371	  1.41765199285	0.00241500549532	  1.30914445052	  1.45152254674
 1.22801	  1.43041200994	0.00222398411821	  1.31713577668	  1.45256511528
 1.23231	  1.43215664548	0.00262938043955	  1.31316155743	  1.46636538183
 1.23661	  1.42244513924	0.00387729609361	  1.29091571305	  1.48391905729
 1.24091	  1.40815211543	0.00413687957734	  1.28332186569	  1.49435727336
 1.24522	  1.39352728025	0.00440524107029	   1.2680703514	   1.4570065049
 1.24953	  1.41464896794	0.00451117086572	  1.26503329026	  1.45199067464
 1.25384	  1.46149822122	0.00423110311023	  1.31722030065	   1.4927731904
 1.25815	  1.47906165218	0.00350234944834	  1.35042843755	  1.51905396335
 1.26247	  1.50562946783	0.00237493807508	  1.41972057404	  1.54820860568
 1.26678	  1.53951831567	0.00277752445469	  1.43903811221	  1.59549206938
 1.27109	  1.57091646719	0.00372368597829	  1.45188257039	  1.64297341914
 1.27541	  1.57217471056	0.004199536338	  1.46031153277	  1.64628397589
 1.27973	  1.55235991019	0.00413277101638	  1.44564781842	  1.63872337229
 1.28405	  1.55216508073	0.00422672600679	  1.43729109389	  1.63621580319
 1.28836	  1.56285923742	0.0065546740372	  1.42632732248	  1.67192916697
 1.29268	  1.57782678439	0.00614844626221	   1.4311261908	  1.66247374086
   1.297	  1.58476420597	0.00634814500745	  1.41795125868	  1.65530251673
 1.30132	  1.57962214043	0.00694623604976	  1.40588287388	   1.6501767617
 1.30564	  1.55613952349	0.00763866297346	  1.40711671908	  1.69398146034
 1.30995	   1.5665794322	0.00762780757429	  1.40352325586	  1.68781089377
 1.31427	  1.58021736682	0.00737449000227	  1.41104475161	   1.6726107564
 1.31859	  1.57013223365	0.00782337444069	  1.41229224805	  1.66044009441
  1.3229	  1.54126512627	0.0077584666135	   1.3763224639	  1.63212877943
 1.32721	  1.44473191713	0.00877179285037	  1.26195197631	  1.56727807754
 1.33153	  1.28227746119	0.0141031746246	  1.07931274071	  1.48660068521
 1.33584	  1.11710936631	0.0237352995893	  0.88786572063	  1.40626738633
 1.34015	 0.960620157101	0.024018116284	 0.729257855624	  1.24742811984
 1.34446	 0.887382207081	0.0183773488512	 0.639529688808	  1.04825735991
 1.34877	 0.876651765219	0.0146682999892	 0.626161022744	 0.973540698515
 1.35307	 0.848163496489	0.0179781360278	 0.627636495011	  1.00032060473
 1.35737	 0.831458627279	0.0178809402713	 0.641451443087	  1.04255745218
 1.36167	 0.791289658291	0.0184171958205	 0.645083755479	  1.04596236643
 1.36597	 0.770515977786	0.0143164419494	 0.632474667543	  1.00034752348
 1.37027	 0.794753593934	0.0140962483937	 0.637163757084	  1.01184893886
 1.37456	 0.818862571762	0.0129528798313	 0.674863723013	  1.01564219093
 1.37886	 0.814720504829	0.01271131838	 0.677965570704	  1.04787413093
 1.38314	 0.901579626372	0.015573954821	 0.748677209343	  1.13994878467
 1.38743	 0.930188856149	0.0186094914981	 0.711182012118	  1.14456653305
 1.39171	 0.829549115575	0.0157335117263	  0.66405512078	  1.07713425065
 1.39599	 0.835346150851	0.0148177796346	  0.64887300033	  1.04157800676
