1.90175	0.954327737252	0.0172295314012	0.831466208942	1.08966769286
1.90528	0.990667894217	0.00616548201764	0.946499279526	1.09856457463
1.90881	0.977166116365	0.0108986586952	0.836040999574	1.14760355567
1.91233	0.962964484981	0.0114406466559	0.817805948175	1.12716868704
1.91584	 1.02453294801	0.00338718894079	0.971916451515	1.12511016988
1.91935	 1.03197954151	0.00516971412623	0.929332615139	1.12989049488
1.92286	 0.98721309105	0.00363388595836	0.913905852283	1.08340427568
1.92636	0.956448489707	0.00471115386383	0.901443643435	1.08922993589
1.92985	0.953426792224	0.00339210375755	0.861093843999	1.02027313434
1.93334	 0.93070201738	0.00307893008702	0.861085565935	1.00001230535
1.93683	0.871668190091	0.00296694401268	0.790026289302	0.953250272524
1.94031	 0.85083069767	0.00193829434184	0.800336665664	0.913920518255
1.94378	0.850646291448	0.00207955679343	0.804486211238	0.915388052117
1.94725	0.854290586276	0.0018722602544	0.801424439093	0.914271974185
1.95072	0.870142139583	0.00124744565753	 0.81713894169	0.903994609644
1.95417	0.850462591103	0.00275171468481	0.769288212328	0.910799946755
1.95763	0.836347686131	0.00223445400547	0.736135940453	0.879409578066
1.96108	0.822037733237	0.00208120014304	0.735048719127	0.876321049678
1.96452	0.808386678857	0.00130434346902	0.753609967098	0.84169889471
1.96796	0.827399596933	0.000799445658361	0.785428919245	0.864010500405
 1.9714	0.828890451542	0.000511923806033	0.793542109033	0.860859419774
1.97483	0.833184533677	0.000630786292495	0.788866073784	0.866239934727
1.97826	 0.83177112664	0.000830326228308	0.789098313155	0.876348459705
1.98168	0.828220051208	0.000377823186697	0.805872869615	0.851276590992
1.98509	0.838304394281	0.000234142770507	0.811438603979	0.851167530038
1.98851	0.841877099049	0.0004714718093	0.804426104899	0.870598222788
1.99191	0.853474936421	0.000464268950738	0.816370303696	0.886096486853
1.99531	0.868166380274	0.000710901222769	0.820255465829	0.891697380261
1.99871	0.888119103645	0.00221268291102	0.827261674252	0.973431849789
 2.0021	 0.92218521595	0.00167186021391	0.852308161922	0.958076956912
2.00549	0.932916000941	0.00224077178404	0.837480267432	0.981983118434
2.00888	0.900085263597	0.0020364516808	0.835650949752	0.955303575713
2.01225	0.899838711657	0.00216050396023	0.808907321158	0.944790848109
2.01563	0.924563398224	0.00193388171854	0.850767453185	0.978376743936
  2.019	0.940740012062	0.00210925587845	0.879025488574	1.01973553273
2.02236	0.953208004372	0.00165105856013	0.882877263301	1.01482412545
2.02572	0.959443370453	0.00257840372355	0.894360243921	 1.0409331379
2.02908	   0.966560151	0.000844288676676	0.923110112505	1.00756636915
2.03243	 0.97530598588	0.000439789045093	0.952678243879	1.00856345407
2.03578	0.984677551417	0.00106525171743	0.962362032369	1.05688709353
2.03912	0.994567154934	0.00209459141822	  0.9238744335	1.07645154236
2.04246	 1.01383148805	0.000908127910387	0.981817968206	1.07109543425
2.04579	  1.0256369725	0.00318059546474	0.929038633471	1.11213027789
2.04912	 1.04776165891	0.00186616340294	0.973764383516	 1.0917727693
2.05244	 1.05639911022	0.00187604410143	 1.00122059034	1.13225510946
2.05576	 1.08085692837	0.00200070496088	 1.03215568175	1.15059122895
2.05908	 1.08969133834	0.00288022004713	 1.00025182081	1.16676556518
2.06239	 1.08730615517	0.00185688860126	0.995548987009	1.13981359097
2.06569	 1.09414910496	0.00120887380472	 1.06329401039	1.15922499109
2.06899	 1.10323445696	0.00157410495455	 1.05412828172	1.17488753337
2.07229	 1.11861037588	0.000941743037918	 1.07647791118	1.15775897063
2.07558	 1.10538522989	0.00140043324329	   1.037097917	 1.1580675751
2.07887	 1.11412321178	0.000666847055712	 1.07900522125	1.15461192136
2.08215	 1.12376096445	0.00165487304781	  1.0771905747	1.18161294566
2.08543	 1.13968383631	0.000907178561532	 1.08145171385	1.16767693326
2.08871	 1.14567840095	0.000553225877366	 1.10842883117	 1.1785054283
2.09198	 1.15196337693	0.00069435623583	 1.11204598587	  1.194460339
2.09524	   1.148125435	0.000620699669639	 1.11876463426	1.18661939785
 2.0985	 1.15509377466	0.000920270149385	 1.10419438729	1.19816216002
2.10176	 1.15764829758	0.000786079659494	 1.11607021418	1.20018259407
2.10501	 1.17133466276	0.000911158548351	 1.12222420265	1.20782953821
2.10826	 1.17465782639	0.00112072158075	 1.10979578566	1.20807725746
 2.1115	 1.17277307976	0.000921933161877	 1.11810976172	1.21311067394
2.11474	 1.18275406393	0.00035796415998	 1.15186469608	1.20716815765
2.11797	 1.17725444239	0.000847533043843	 1.12991249343	1.20949536467
 2.1212	 1.18244092015	0.000414372634604	  1.1537690274	1.21318684015
2.12442	 1.17844144222	0.000536334609885	 1.14592645782	1.21446411644
2.12764	 1.18108310548	0.000379004320054	 1.15259384064	1.20738626997
2.13086	 1.18163733696	0.000595801404652	 1.13843714979	1.20741790641
2.13407	 1.18268971765	0.000582070085455	 1.15062128029	1.21716276402
2.13728	 1.18702493578	0.00060626458909	 1.14152734264	1.20445719415
2.14048	 1.18332691185	0.000403811994285	 1.15486440129	1.21169348104
2.14367	 1.18677477772	0.000447695141515	 1.15450477377	1.21549391224
2.14686	 1.19449854367	0.000296650923364	 1.16620855269	1.21955543355
2.15005	 1.18807529701	0.000221235669976	 1.16354704955	1.20746317971
2.15323	 1.17968944969	0.000632916367752	 1.14079367781	1.21532351177
2.15641	 1.17383455405	0.000267510218084	 1.14645277231	1.18759407019
2.15959	  1.1753227812	0.0003692128947	 1.15074976927	1.20619496291
2.16275	 1.16934835415	0.000353769686036	  1.1471128189	 1.1998748904
2.16592	 1.17316910584	0.000570386954555	 1.13165939998	1.19962426891
2.16908	 1.17823471192	0.000299397961743	 1.15331230903	  1.195947887
2.17223	 1.16147416327	0.000242232609461	 1.14412012507	1.18931132717
2.17538	  1.1596605076	0.000320364976874	 1.13422300052	1.17659872728
2.17852	 1.16001588964	0.000137437670933	 1.13783525232	1.17393249954
2.18166	 1.15996817624	0.000314761950266	  1.1307095544	1.18000739534
 2.1848	 1.14788705203	0.000224676340152	 1.13402245203	1.17440180529
2.18793	 1.14583016651	0.000603170390343	 1.11110720874	1.18479897937
2.19105	 1.15074763001	0.000271278464392	 1.12151531582	1.17336104652
2.19417	 1.14660173551	0.000376602889836	  1.1146005321	1.18028933645
2.19729	 1.14254258807	0.000355120243538	 1.11318824803	1.16621582822
 2.2004	 1.13471298928	0.000463889553596	 1.09039778302	1.15140214125
2.20351	 1.12665784436	0.000257647924967	 1.10399672957	1.15598568104
2.20661	 1.12515612147	0.000198238698275	 1.10599054126	1.14402532831
 2.2097	  1.1203903611	0.000460578337399	 1.08891928226	1.14812261261
2.21279	 1.11558376933	0.000341900775733	 1.09630071911	1.14549336938
2.21588	 1.10888744746	0.000879261641658	 1.07033469267	1.15401503276
2.21896	 1.10453114807	0.000977073525908	 1.06761415128	1.16792502889
2.22203	 1.09359665149	0.000549206077301	 1.06531503977	1.14169515526
2.22511	 1.10365323226	0.000585189823556	 1.06553422654	1.14786188745
2.22817	 1.09711812869	0.000410623934968	 1.06883444392	1.12936451156
2.23123	 1.08784549035	0.000583457093057	 1.06064168174	1.13036040631
2.23429	 1.09454854167	0.000691379549431	 1.05233646099	1.13089340008
2.23734	 1.08888942883	0.000368269413583	 1.05203107986	1.11677207939
2.24038	 1.08477451251	0.000359990231582	 1.04347599096	1.10012105499
2.24342	 1.07901241174	0.00049350261133	 1.03745110056	1.10460445452
2.24646	 1.07770281965	0.000595790065389	 1.03653662852	 1.1109270267
2.24949	 1.07525201066	0.000985279065249	 1.02556344156	1.12372818194
2.25251	 1.06725654854	0.000409980218048	 1.03621895096	1.10565707613
2.25553	 1.06435446098	0.00041016833616	 1.02747714741	1.08746812251
2.25855	 1.06417141084	0.000340345974762	 1.02877961346	1.08540548472
2.26156	 1.06373760656	0.000615032429418	  1.0166491299	1.09939676816
2.26456	 1.04622178461	0.00074529550219	 1.00721025034	1.08804709558
2.26756	 1.04636382885	0.00114021184403	0.997555825179	1.08499440608
2.27055	 1.04143166073	0.000558019151856	 1.00754547716	1.07910845297
2.27354	 1.03916695169	0.000651830663737	0.999337016152	1.07084356124
2.27653	 1.03853647799	0.00087688443857	0.986795139555	1.08071637738
 2.2795	 1.03065320473	0.000525759053735	0.996585243235	 1.0548521234
2.28248	 1.02942565913	0.000773624881557	0.994014394911	1.07663803238
2.28545	 1.02652642358	0.000700534669764	0.984750590185	1.07196357733
2.28841	 1.02508219376	0.000669930997782	0.982732842248	1.05981200283
2.29137	0.991963323143	0.00104535164529	0.948265901556	1.02939236329
2.29432	0.918901295319	0.0015945795189	0.884116463872	1.00613130329
2.29727	 0.87182943576	0.00185437680455	0.840429002652	0.966279222661
2.30021	0.834676121794	0.00112470955137	0.802012815603	0.900226403105
2.30314	0.829489690193	0.000491598691968	0.801786164001	0.864144658459
2.30608	0.829347655966	0.000609478094328	0.795219992105	0.864462638424
  2.309	0.834580307903	0.000717556417021	0.794399354924	0.869895896645
2.31192	0.838284904049	0.000599579658086	0.795610373773	0.873184856822
2.31484	0.844760133313	0.00056132087396	0.802341711735	0.874428896392
2.31775	0.833745781332	0.000820176100578	0.793242416471	0.869380305976
2.32066	0.825708838941	0.00144527145689	0.792206293385	0.905824799386
2.32356	0.802070139286	0.00201624208052	0.759902449156	0.886061819698
2.32645	 0.79903455801	0.00131822866993	0.763849780852	0.874417168696
2.32934	0.789677775445	0.00114234225875	0.753633723251	0.850883135916
2.33223	0.795484705766	0.000611174710277	0.763856108139	0.835004734749
2.33511	0.808441075784	0.00139138480442	0.768515208992	0.872881471262
2.33799	0.802928552745	0.00130659272438	0.761100216517	0.860725084992
2.34086	0.806003875369	0.000823278532635	0.770494208156	0.864424860928
2.34372	0.817856552159	0.000922608318939	0.778434714535	0.853737179186
2.34659	 0.82732120135	0.000860831830591	0.793909885555	0.863669813179
2.34944	0.824490367124	0.00106299437128	0.778907654018	0.864136083953
 2.3523	0.827751543929	0.000697679577274	0.789464011398	0.860258813016
2.35514	0.802786265848	0.000656894566185	0.772184756398	0.847944423706
2.35799	0.792342050365	0.000583719821112	 0.76146887052	0.841761117028
2.36082	0.804726382432	0.000673973860699	0.775378814004	0.844741393266
2.36366	0.796577399143	0.00032616321867	0.772237495098	0.825561673902
2.36649	0.778402046929	0.00127496098369	 0.72519125494	0.818687702525
2.36931	0.783298191374	0.000943129663324	0.740491347493	0.821454504066
2.37213	0.792934030298	0.000330973216121	0.768989500106	0.820609101582
2.37495	0.805162544017	0.000164194729861	0.781421313366	0.817926839388
2.37776	0.793165085925	0.000334067284837	0.776841044232	0.821794591568
2.38057	0.791753103633	0.000503499072006	0.759347438644	0.827480543046
2.38337	0.787147651447	0.000780082698149	0.759427842942	0.834251788198
2.38617	0.773914510968	0.000261745362251	0.753314609286	0.803517120355
2.38897	0.774823483415	0.000391642924232	0.752612519198	0.797500389834
2.39176	0.782221140998	0.000457378466175	0.743487360911	0.810333926293
2.39455	0.786911724346	0.000552090498316	0.743660920569	0.817032531203
2.39734	 0.78905852006	0.00100536406516	0.738885832856	0.823109280001
